2716
5401
7805
10025
12070
12149
13667
14199
14210
15399
15932
16101
16710
17477
18156
18228
19261
19683
19730
20139
21599
22181
22248
24248
25821
25901
26130
32111
32125
32741
34624
35508
36209
38553
40296
41133
41755
42554
44705
44800
46213
46672
46798
47318
48859
49036
51114
51122
51545
51771
52179
52229
52402
52485
53387
54325
57186
59679
59708
61845
62320
62586
62877
63917
64080
64954
66686
66871
67277
67678
67926
70258
70640
71398
71628
71814
72958
75094
75262
75897
77143
77680
77946
78551
80068
81322
81716
84423
84598
85725
86389
87360
88666
88840
89404
91166
91923
91996
92170
93054
93124
93421
94441
94800
96188
97663
98551
99168
101201
101489
101570
102042
104344
107027
109123
109137
110660
111249
111289
112365
112593
115544
117697
119278
119426
120488
122016
124963
126288
126409
126937
128282
129157
129472
129820
130199
130347
130394
130647
130992
131103
132380
133430
134105
134185
134342
134589
134674
136255
138196
139395
139975
141247
142256
142392
143767
143868
144382
145662
146305
146528
146979
147337
147649
147800
148276
148495
148767
148977
149389
149886
150042
153814
154328
155616
156010
157307
157908
160452
161860
162137
163089
163584
164153
164348
164620
166872
167860
168836
172024
173415
175895
177932
178238
178252
180182
181379
181691
182524
182591
182833
182957
185276
185850
186074
186193
186551
186726
187423
187694
188059
188463
188628
188887
190014
190372
190850
191511
191605
193096
193148
195037
195189
196048
197821
197940
199625
201265
202160
202784
206387
207561
208029
210103
211084
213300
213433
213723
215445
217089
217584
218518
219085
220500
220819
223409
223945
224191
225167
227677
228277
228547
229274
231220
234324
236824
236878
237555
238104
238632
241683
242155
242408
243538
244327
245229
246058
246572
247040
249910
250576
251226
251353
251470
251639
255559
255958
256507
260592
261260
261569
263411
264941
265258
265962
266656
267934
268769
268953
269212
269698
269868
272382
272930
275023
276125
280478
280633
281447
282239
283111
283962
284405
285831
290304
290332
291432
292428
293104
293154
293816
293843
293988
294226
296724
297262
297869
298406
300195
300885
300942
301896
302277
303498
305027
305560
305564
307481
309711
313925
314027
314490
317812
320461
320929
321144
322058
322387
323390
323513
326624
328392
329289
330062
330195
333006
333570
335269
337122
337728
338932
339442
339454
339900
341133
341283
346688
347266
348449
348704
349753
351652
353934
354413
355669
356051
356233
362829
363842
364311
365562
367126
369505
369601
370249
370742
372087
373527
374810
376004
376525
377022
377348
378156
378894
379576
380428
380543
382104
383410
385664
385833
385889
387627
390284
390473
392008
392113
393513
394252
396447
396960
398617
399718
399773
399878
399887
403087
403460
404296
404677
405462
406545
408702
409574
409679
409935
409993
413694
415200
416078
417183
417657
418998
419774
422786
423377
423810
424918
426998
427039
427678
428536
429451
433618
435537
435815
436246
436827
436855
437403
438087
438261
439136
439145
439269
441673
443982
444822
445190
445648
445722
447423
447733
447891
448605
451716
451838
452547
454065
454411
455555
456368
457679
459638
459796
460314
461024
461202
461990
463215
463413
464983
465174
465444
465900
466163
467719
469546
469891
470186
470740
472562
473861
473924
475192
476618
478329
478420
480145
480692
480895
480945
484591
484594
485057
486296
486413
486546
486871
486887
486993
487049
487359
487901
488979
489258
490817
491633
492482
494539
494799
495698
496647
497261
497637
497954
499908
500177
505102
505339
505381
506328
506589
506639
507932
508320
510175
510484
510817
510829
512938
513624
514654
516770
516986
517325
519276
520432
523092
523336
523548
523575
523699
524690
524823
525148
525595
529721
529826
530104
530649
531159
531733
533143
533246
535060
537775
538041
538294
538641
538758
539003
541438
541541
542799
547328
548758
549576
550095
551427
551473
552217
555044
556234
557316
559265
560189
560549
561187
561629
562335
563767
564548
566586
566670
567397
567564
567597
568643
569325
569981
570632
572479
573061
574633
576085
576403
576834
577130
579143
580034
580049
580738
582762
583276
583987
586843
587354
587911
589107
590892
591371
592143
592575
593426
594498
594601
595176
595796
598101
598744
599730
600292
601018
601423
601431
603478
603926
604730
606545
608044
609563
610171
611285
611801
612515
614436
615599
617501
617768
618485
618562
619135
619646
620894
621166
622817
624102
624320
625555
626492
626678
626896
627142
627640
630488
631496
632566
633472
637638
639869
639954
639961
640976
641086
642117
644228
644406
644975
646605
646836
647334
648337
648495
649207
649338
650228
650639
651191
651378
652321
652918
652954
653475
653616
655021
655339
656664
656678
656810
657005
657489
658573
661428
662254
666175
666293
667842
667920
668446
668757
670793
671133
671739
673973
677497
680062
680089
682054
682355
682445
682763
684270
685582
685635
687613
688784
689427
690346
690746
692211
692461
693858
697258
697341
698869
698944
699210
699466
699501
701508
702649
703595
704596
706887
706897
707471
709256
711609
711729
713184
713719
714388
716127
719594
721185
721727
722257
723402
723554
723675
724543
724591
724591
725854
727381
727742
728239
731185
732640
733913
735467
736610
737864
741118
742560
744388
744562
747420
749140
753289
754490
760439
760825
761098
761924
763429
766995
768078
768530
771232
772692
774037
774464
775275
775548
775721
775973
776796
778275
779495
781036
781763
782301
783524
784632
786935
789844
789886
790508
790969
792089
796608
797909
799276
799716
800782
801269
801972
802290
803293
803608
803911
806532
807135
809219
809752
811080
812444
812525
812775
813221
813336
814388
816123
816259
821192
821292
824406
824457
825067
826960
828485
832589
833415
833494
836839
837511
838912
839028
840212
840389
842130
842248
843029
844237
844828
845510
845590
845649
846988
847758
849486
850269
851166
852078
852322
854066
855488
855801
857514
857682
858712
859060
859138
859481
860131
860282
860610
861417
861817
865206
866244
867037
867918
869012
869115
869411
870360
874285
874851
875673
878182
880181
880660
881769
882258
883117
883669
884112
886983
888146
888768
890411
891244
891553
892431
892755
894037
896820
899645
899992
900118
900987
903282
903432
904542
905730
906762
907085
908527
910125
911338
911680
911928
912552
912945
913563
914001
914180
915460
915852
916224
916478
916843
919470
921713
924008
924624
924812
925375
925382
925542
928219
928568
929973
930326
931340
933577
933826
935950
936296
938572
938619
938743
940178
940312
941129
942411
942638
942798
945928
947110
947906
948026
948964
950491
950789
951212
952031
952386
953908
953975
955117
956565
958506
959199
960404
965012
965380
965425
966519
967581
969062
969087
969723
970438
974375
976358
976504
976857
977297
978710
980613
982574
985477
989212
990152
990757
992187
992527
993488
994014
994227
994768
996119
996855
998444
999911
