136255
330062
356051
510175
880181
454411
685582
276125
283962
40296
87360
529826
510829
908527
641086
242408
53387
338932
653475
775548
867918
416078
369601
977297
945928
713719
911338
150042
915460
619135
93054
711729
639961
379576
933577
307481
925382
260592
349753
341133
403087
916478
219085
129157
931340
921713
439136
238104
217089
457679
451716
142392
380543
163584
13667
293816
611801
938743
19261
719594
47318
631496
874851
857514
768530
380428
644406
958506
959199
587911
619646
296724
566586
134185
486413
593426
112593
199625
25901
480692
839028
138196
622817
577130
417183
378156
907085
323390
615599
651191
215445
701508
825067
803293
256507
965380
367126
309711
164620
845649
484594
486296
94800
775721
427678
867037
236878
890411
950491
70258
838912
869012
281447
680089
463215
71628
610171
952386
157908
161860
505381
524823
173415
51545
656810
356233
75262
598101
861417
592575
650228
445190
865206
996119
656678
22181
272930
915852
990757
341283
580049
399878
348704
280478
51122
354413
188628
15932
840212
15399
225167
181379
535060
994227
186193
71398
328392
942411
713184
439145
911680
860131
698944
317812
249910
714388
969087
469546
91996
139395
191605
186551
263411
66871
111289
680062
67926
77680
541438
627640
314027
685635
111249
48859
904542
687613
506328
525148
322058
333006
329289
563767
843029
569325
699210
510484
438087
801269
145662
62586
533143
167860
409935
911928
888146
320461
647334
134105
573061
656664
814388
768078
98551
146305
976857
723675
326624
62877
744562
399773
408702
378894
604730
552217
300885
992527
833415
36209
809752
649338
337728
166872
840389
930326
849486
24248
796608
621166
265258
427039
246572
816123
436855
62320
486871
251470
754490
942798
268953
451838
878182
99168
722257
652954
466163
789844
753289
387627
201265
25821
322387
938619
290304
947110
147800
993488
938572
44705
445648
842248
182833
891553
191511
14199
538641
399718
530649
965012
883117
148495
34624
38553
178238
801972
143767
996855
998444
59708
130347
781763
965425
812444
624320
423377
242155
776796
210103
587354
19730
467719
697341
178252
461990
978710
404677
542799
855488
244327
126288
238632
126409
670793
894037
409993
866244
439269
824406
422786
792089
75094
21599
999911
644228
666175
699501
220500
551473
693858
639869
886983
646836
724543
924812
692211
480145
953975
942638
461024
733913
85725
88666
172024
704596
376525
874285
261260
497954
441673
821192
185850
506639
186074
952031
419774
763429
595796
523336
976358
77143
870360
799276
761924
160452
775275
52229
193096
736610
807135
667920
175895
52485
362829
188887
903432
576834
369505
919470
376004
513624
93421
197940
989212
781036
130647
548758
828485
671739
574633
599730
202160
20139
168836
881769
590892
580034
516986
393513
51771
523092
567397
269698
561629
122016
956565
816259
190850
888768
531159
396960
576403
280633
598744
251226
967581
572479
510817
321144
617768
382104
300195
601431
115544
241683
385889
857682
789886
403460
494539
601423
291432
529721
766995
802290
486993
716127
505339
844237
81716
181691
303498
940178
143868
418998
223409
147649
417657
491633
652321
608044
706887
177932
626678
473924
845590
132380
594498
126937
925542
836839
163089
285831
72958
490817
948026
520432
117697
207561
348449
433618
779495
313925
653616
251639
444822
709256
109123
940312
892431
568643
188059
929973
707471
337122
297262
148977
644975
141247
662254
213433
690346
747420
186726
512938
875673
799716
162137
912945
525595
891244
264941
292428
790508
682054
486887
57186
982574
64954
980613
390473
651378
500177
855801
860610
924008
5401
852322
14210
396447
476618
195037
67678
618485
655021
994768
640976
185276
494799
935950
612515
247040
266656
61845
583987
101201
606545
706897
12149
154328
809219
786935
208029
91923
267934
594601
130394
727742
300942
499908
487049
374810
26130
84598
128282
91166
119278
473861
101489
505102
556234
559265
969062
157307
567564
642117
903282
469891
413694
697258
842130
869411
533246
445722
813336
880660
741118
470186
832589
197821
32125
187694
859138
461202
900987
298406
131103
784632
59679
385833
426998
465900
255559
456368
699466
129472
682763
648495
134589
570632
826960
627142
206387
41133
727381
936296
459796
523699
567597
190014
231220
245229
2716
44800
443982
355669
782301
859481
485057
508320
472562
928568
293104
960404
992187
950789
188463
900118
955117
723402
524690
351652
460314
190372
213723
626896
478420
305027
475192
228277
547328
370249
539003
32741
603926
486546
130992
448605
994014
688784
409679
229274
859060
484591
51114
657489
813221
182524
19683
455555
924624
538041
721727
284405
148276
591371
833494
668446
290332
42554
71814
618562
611285
415200
689427
17477
560189
783524
428536
690746
147337
478329
661428
463413
732640
346688
195189
633472
592143
49036
658573
80068
224191
925375
649207
134342
974375
600292
404296
164348
624102
438261
854066
182957
297869
480945
78551
339442
364311
347266
84423
217584
487901
582762
405462
655339
749140
46798
851166
213300
465444
409574
272382
488979
966519
666293
821292
383410
88840
339900
447733
811080
812525
193148
775973
884112
423810
398617
778275
538294
861817
353934
202784
52179
255958
790969
555044
92170
104344
682355
459638
119426
564548
985477
537775
837511
847758
250576
86389
301896
928219
824457
850269
18156
305564
557316
180182
806532
377348
948964
464983
774037
67277
454065
32111
394252
892755
18228
385664
320929
236824
910125
363842
603478
951212
576085
913563
667842
155616
561187
562335
668757
269868
139975
365562
63917
294226
251353
744388
652918
735467
246058
507932
914180
711609
639954
914001
595176
377022
282239
519276
12070
465174
852078
677497
844828
129820
156010
516770
64080
723554
424918
218518
742560
916843
698869
16101
66686
523548
495698
70640
333570
124963
96188
580738
149886
148767
514654
261569
237555
671133
626492
146528
517325
275023
314490
646605
684270
912552
637638
447891
657005
293154
583276
650639
812775
803608
110660
77946
436827
94441
702649
470740
489258
22248
648337
772692
112365
46213
390284
220819
560549
223945
969723
497261
196048
54325
760439
81322
97663
625555
737864
538758
52402
227677
883669
120488
673973
35508
268769
566670
323513
882258
109137
916224
234324
265962
497637
506589
101570
933826
569981
721185
134674
149389
41755
102042
728239
899645
283111
293843
144382
182591
228547
682445
941129
797909
550095
761098
46672
947906
703595
976504
89404
142256
617501
107027
724591
164153
609563
803911
269212
771232
845510
630488
896820
523575
153814
406545
436246
435537
846988
373527
399887
905730
7805
330195
452547
589107
970438
800782
339454
392113
187423
16710
130199
774464
335269
372087
293988
487359
10025
496647
480895
760825
601018
725854
437403
392008
620894
531733
146979
305560
302277
906762
541541
549576
492482
75897
447423
692461
990152
586843
133430
551427
530104
579143
869115
858712
860282
632566
429451
370742
731185
243538
93124
435815
953908
614436
211084
724591
899992
