101
244
338
441
459
640
764
1038
1262
1276
1351
1627
1788
1975
2020
2061
2158
2206
2252
2736
2808
3001
3015
3354
3498
3900
3993
4070
4231
4249
4374
4404
4456
4701
4741
4836
4947
5058
5059
5384
5464
5777
5786
5905
6002
6006
6309
6314
6317
6636
6877
6904
7144
7189
7316
7392
7411
7442
7712
7816
7873
8034
8238
8247
8389
8553
8798
9131
9182
9324
9458
9606
9607
9621
9643
9723
9855
9874
9884
9942
10026
10064
10136
10144
10235
10304
10400
10436
10458
10557
10566
10623
10631
10650
10711
10792
10799
10842
11059
11114
11321
11483
11501
11889
11894
11958
12104
12195
12290
12329
12419
12527
12542
12758
12772
12977
13159
13319
13332
13336
13420
13430
13484
13512
13589
13612
13798
13844
13881
13915
13942
14037
14228
14241
14318
14546
14622
14665
14734
14741
14862
14885
14948
14957
14993
15025
15033
15209
15210
15245
15341
15531
15582
15589
15590
15662
15703
15786
15790
15800
15870
15941
16338
16405
16492
16509
16540
16594
16620
16960
17156
17168
17320
17329
17524
17627
17632
17782
17818
17843
17985
18466
18480
18599
18985
19010
19205
19362
19406
19463
19751
19770
19798
19974
19999
20020
20115
20273
20281
20344
20438
20548
20669
20773
20836
20905
20972
21129
21211
21307
21354
21408
21519
21520
21588
21906
22126
22163
22206
22390
22455
22485
22732
22857
23020
23051
23151
23449
23604
23692
23701
23744
23932
23979
24178
24184
24220
24329
24359
24450
24682
24951
25037
25069
25110
25151
25427
25440
25567
25618
25653
26024
26095
26306
26327
26371
26508
26601
26686
26703
27006
27073
27547
27573
27596
27623
27736
27767
27817
27822
27855
27937
28030
28105
28218
28245
28269
28376
28381
28413
28454
28861
29023
29528
29655
29905
29923
30019
30089
30250
30441
30519
30564
30760
30983
31030
31090
31111
31192
31430
31460
31507
31523
31591
31652
31892
31931
31942
32267
32361
32491
32498
32749
32894
32928
32996
33002
33122
33240
33426
33508
33527
33528
33682
33988
34052
34363
34366
34423
34435
34655
34670
34748
34778
34872
34920
34921
34956
34974
35030
35192
35285
35317
35326
35367
35380
35395
35593
35750
35763
35785
35813
35847
35996
36054
36104
36140
36304
36342
36452
36528
36543
36556
36654
36718
36729
36835
36885
37031
37078
37108
37114
37118
37301
37371
37526
37542
37841
37852
37874
38066
38357
38487
38507
38529
38789
38869
39081
39180
39381
39391
39780
39907
39991
40000
40275
40298
40328
40427
40573
40732
41034
41166
41172
41180
41255
41615
41620
41688
41703
41712
42251
42370
42507
42761
42780
42835
42869
42888
42890
42932
43042
43143
43292
43445
43510
43532
43532
43662
43670
43725
43728
43794
43838
43865
43887
43893
43914
43952
44227
44236
44422
44670
44718
44781
44906
45190
45194
45386
45419
45510
45593
45673
45871
46004
46017
46253
46313
46314
46685
46738
46867
46949
47093
47272
47290
47292
47358
47403
47577
47729
48106
48173
48366
48577
48606
48651
48673
48697
48723
48742
48911
49038
49069
49136
49153
49159
49170
49372
49428
49528
49628
49640
49695
49718
49729
49758
49795
49857
50239
50474
50474
50631
50722
50857
50965
50995
51225
51327
51337
51357
51553
51613
51667
51728
51857
52035
52137
52173
52599
52624
52811
53135
53157
53441
53464
53508
53541
53637
53682
53777
53779
53874
53932
53965
54017
54055
54095
54129
54214
54221
54386
54437
54450
54475
54555
54778
54879
54942
55005
55297
55442
55481
55593
55646
55660
55844
56147
56690
56714
56850
56870
57323
57326
57359
57481
57542
57563
57605
57637
57652
57880
57972
58149
58178
58183
58322
58403
58499
58639
58659
58717
58750
58844
58883
58968
59046
59073
59175
59284
59377
59401
59458
59530
59559
59569
59635
59845
59860
59868
59870
59968
59987
60093
60174
60335
60352
60427
60488
60717
60793
60827
60937
60945
61033
61241
61396
61423
61554
61589
61896
62100
62110
62124
62302
62390
62438
62520
62588
63030
63039
63074
63187
63326
63342
63660
63665
63944
63995
64176
64353
64356
64511
64552
64672
64690
64913
65092
65128
65405
65572
65605
65625
65659
65903
66008
66177
66362
66412
66417
66483
66576
66710
66738
66891
66995
67067
67285
67338
67444
67542
67675
67709
67761
67762
67777
67860
67881
67924
67948
68109
68124
68226
68234
68419
68469
68502
68515
68523
68558
68616
68811
69172
69237
69475
69603
69652
69993
70020
70125
70157
70170
70265
70347
70625
70762
70814
70874
70923
71065
71076
71107
71162
71261
71429
71511
71597
71647
71972
71997
72088
72126
72259
72299
72426
72648
72673
72684
72759
72941
73020
73276
73325
73345
73455
73526
73650
73773
73781
73834
73896
73917
73920
73951
74154
74222
74226
74276
74302
74424
74428
74476
74766
74787
74791
74878
74937
75011
75152
75197
75305
75327
75352
75415
75642
75668
75722
75752
75887
75934
76014
76111
76113
76194
76225
76311
76391
76422
76582
76651
76842
76890
76918
77002
77127
77199
77227
77336
77402
77440
77515
77697
78023
78110
78171
78220
78269
78293
78396
78741
78787
79026
79052
79399
79430
79553
79666
79752
79787
79857
79918
79928
80314
80412
80496
80523
80572
80589
80738
81034
81142
81220
81328
81329
81337
81358
81368
81441
81450
81451
81497
81548
81566
81593
81618
81626
81666
81819
81893
81917
82157
82180
82337
82480
82522
82523
82607
82650
82699
82796
82854
83077
83100
83170
83227
83234
83266
83380
83380
83521
83662
83682
83696
83820
83837
83845
84256
84465
84466
84520
84723
84741
84748
84780
84796
84930
84958
84964
85351
85421
85525
85630
85799
85917
86016
86059
86198
86278
86291
86781
86810
86954
87092
87137
87282
87366
87410
87419
87552
87683
87720
87945
88047
88183
88226
88270
88308
88372
88742
88776
88797
88874
88886
89001
89120
89247
89263
89388
89493
89506
89556
89895
89930
89935
89941
89988
89998
90012
90039
90098
90162
90508
90541
90657
90742
90831
91042
91070
91162
91273
91277
91389
91444
91477
91533
91642
91661
91774
91797
91810
91842
91987
92246
92385
92467
92593
92666
92685
92839
92999
93035
93059
93179
93290
93373
93454
93602
93674
93958
94000
94058
94390
94410
94509
94597
94607
94633
94650
94824
95148
95269
95283
95431
95651
95664
95776
95813
95875
95993
95998
96040
96101
96221
96578
96883
96924
96946
97060
97065
97265
97292
97332
97467
97562
97670
97821
97860
97951
98055
98154
98209
98414
98471
98576
98643
98729
98856
99349
99352
99517
99570
99613
99670
99796
99869
99953
99966
100022
100064
100098
100112
100227
100231
100377
100411
100432
100441
100445
100450
100493
100540
100548
100622
100685
100761
100893
100928
101075
101081
101169
101200
101249
101272
101487
101572
101596
101624
101905
102121
102302
102383
102628
102644
102711
102751
102802
102878
102890
102933
103278
103340
103382
103383
103386
103464
103513
103665
103745
103747
103793
103794
103821
103896
104010
104098
104105
104159
104252
104259
104355
104364
104366
104653
104659
104710
104874
104950
104962
104979
105110
105132
105155
105160
105184
105205
105229
105478
105636
105640
106221
106257
106490
106506
106543
106564
106773
106868
107035
107150
107202
107233
107291
107363
107525
107762
107811
108012
108031
108066
108209
108371
108483
108497
108656
109194
109569
109612
109621
109855
109868
110145
110158
110192
110244
110281
110332
110458
110509
110514
110878
110935
111042
111059
111109
111317
111425
111428
111570
111608
111628
111632
111682
111816
111819
111856
112030
112149
112178
112366
112448
112539
112612
112657
112736
112842
112934
112991
113132
113426
113499
113502
113523
113674
113833
113837
113891
113949
114517
114523
114610
114642
114773
114816
114857
114931
115053
115142
115326
115328
115495
115510
115693
115725
115827
115993
116233
116270
116414
116446
116453
116461
116476
116479
116530
116531
116560
116700
116770
116844
117099
117101
117194
117258
117276
117397
117486
117530
117604
117762
117790
117842
118120
118151
118170
118290
118306
118369
118486
118697
118751
118760
118883
119110
119151
119207
119270
119534
119551
119612
119669
119735
119755
119998
120006
120319
120456
120533
120638
120982
121042
121105
121276
121295
121380
121639
121678
121775
121871
121944
122110
122188
122194
122299
122352
122415
122445
122455
122582
122682
122739
122785
122957
123315
123352
123596
123670
123811
123818
123898
123912
124011
124167
124273
124320
124606
124726
124761
124766
124790
124920
125049
125311
125368
125413
125603
125640
125683
125703
125976
126044
126090
126384
126547
126571
126578
126607
126639
126717
126825
127007
127180
127191
127216
127230
127309
127313
127355
127362
127508
127599
127743
127812
127905
127994
128128
128539
128790
128874
128961
129080
129177
129189
129376
129571
129669
129692
130336
130526
130573
130876
130938
131152
131332
131350
131379
131445
131458
131620
131663
131682
131714
131906
131916
131948
132208
132234
132275
132298
132354
132399
132551
133127
133210
133277
133394
133626
133641
133696
134052
134065
134273
134306
134462
134547
134657
134813
135035
135044
135265
135335
135393
135460
135461
135499
135511
135534
135568
135599
135669
135799
136478
136486
136591
136640
136741
137040
137061
137395
137442
137542
137644
137854
137945
137988
138076
138120
138159
138352
138400
138662
138769
138911
139102
139259
139323
139404
139468
139718
139734
139968
140055
140096
140126
140168
140221
140227
140539
140803
140835
141022
141080
141187
141363
141410
141505
141616
141761
141793
141863
141864
141871
142099
142118
142208
142284
142556
142659
142732
142929
143240
143277
143370
143395
143471
143486
143496
143549
143755
143945
144069
144357
144366
144664
144731
144825
144986
145067
145102
145197
145302
145334
145391
145479
145497
145500
145563
145767
145941
145951
146078
146091
146180
146368
146752
146763
146848
147148
147151
147405
147753
147757
147778
147909
147926
148051
148199
148282
148918
148929
149413
149470
149486
149509
149530
149668
149789
149880
149894
149917
149982
150098
150171
150300
150384
150416
150434
150469
150555
150581
150617
150671
151085
151230
151289
151406
151512
151568
151647
151982
152003
152094
152117
152184
152248
152297
152353
152403
152465
152493
152552
152555
152576
152593
152660
152669
152827
152836
152969
153044
153226
153232
153249
153404
153406
153444
153445
153501
153712
153830
153836
153930
154174
154196
154237
154421
154630
154916
154956
154973
155060
155148
155465
155490
155490
155504
155547
155662
155737
155772
155962
156159
156169
156202
156219
156490
156509
156569
156757
156816
156999
157306
157359
157615
157658
157845
157993
158471
158494
158499
158652
158970
159323
159383
159493
159515
159630
159877
159899
159944
159987
160084
160139
160167
160184
160303
160537
160609
160700
160753
160822
160866
160871
160921
160954
161016
161041
161359
161387
161522
161568
161658
161690
161756
161756
161824
161882
161971
162019
162291
162304
162389
162477
162538
162641
162763
162824
162834
162910
162927
162930
163048
163068
163289
163310
163469
163527
163601
163700
163804
163818
163869
163880
163897
163987
164006
164227
164487
164560
164643
164742
164762
164888
165025
165065
165493
165515
165653
165751
165846
165997
166187
166214
166216
166261
166295
166373
166515
166631
166645
166771
166788
166802
166818
166841
167009
167273
167332
167369
167424
167496
167831
167892
168034
168091
168123
168128
168359
168385
168411
168426
168640
168661
168710
168766
168799
168816
168937
168993
169017
169087
169144
169161
169231
169285
169337
169399
169515
169550
169603
169673
169762
169808
169813
169829
169915
170013
170028
170101
170130
170162
170213
170277
170349
170465
170551
170579
170598
170687
170696
170774
170818
170933
170997
171090
171128
171317
171398
171427
171601
171694
171771
171819
171858
171898
172060
172063
172081
172089
172357
173134
173164
173261
173407
173441
173623
173668
173889
173900
174180
174306
174340
174389
174444
174463
174562
174657
174724
174771
174888
174970
175098
175132
175205
175234
175238
175260
175314
175443
175456
175518
175582
175619
175641
175662
175833
176096
176324
176417
176482
176523
176579
176681
176691
176711
176754
176870
176955
176996
177090
177155
177280
177291
177438
177476
177488
177489
177550
177608
177700
177807
177818
177948
177963
178198
178199
178240
178243
178265
178362
178400
178534
178572
178573
178644
178758
178902
179079
179082
179530
179560
179627
180110
180142
180286
180509
180520
180686
180782
180887
180896
180913
180917
180919
181041
181060
181118
181533
181583
181651
181656
181673
181692
181710
181871
181887
181964
182022
182025
182359
182432
182636
182710
182786
182808
182974
183127
183182
183347
183379
183530
183542
183724
184329
184343
184642
184760
184777
184917
185290
185339
185373
185599
185625
185693
185714
185822
185828
185830
185925
185951
186241
186272
186282
186623
186700
186717
186823
187026
187157
187201
187216
187366
187411
187423
187577
187696
187976
187977
188024
188272
188329
188348
188412
188472
188477
188772
188807
188852
189003
189021
189138
189313
189416
189589
189614
189728
189773
189795
189806
189829
189834
189835
189881
190047
190099
190159
190492
190715
190825
191032
191089
191136
191149
191410
191524
191547
191591
191719
191896
191920
192154
192392
192399
192574
192746
192773
192863
193007
193146
193306
193306
193459
193527
193534
193667
193720
193733
193853
193882
193976
194158
194241
194246
194417
194458
194492
194557
194674
194772
194887
194938
195048
195076
195080
195104
195222
195246
195257
195425
195435
195508
195646
196019
196121
196157
196451
196521
196524
196526
196534
196683
196794
196803
196919
197120
197125
197214
197220
197324
197401
197538
197551
197665
197987
197987
198112
198118
198458
198854
198924
199247
199453
199818
200044
200067
200094
200300
200337
200525
200679
200909
200952
201067
201257
201389
201536
201688
201739
201794
201981
202039
202046
202158
202171
202312
202361
202369
202471
202484
202666
202762
202881
202889
202983
203106
203176
203280
203455
203458
203517
203593
203639
203653
203876
203973
204303
204506
204546
204598
204732
204806
205019
205143
205291
205308
205330
205527
205950
206136
206214
206302
206457
206486
206504
206528
206646
206728
206889
206994
207018
207053
207251
207381
207414
207463
207576
207872
207910
207930
208197
208232
208253
208495
208632
208740
208908
209007
209069
209280
209287
209381
209529
209616
209703
209967
209971
209993
210000
210070
210125
210146
210266
210299
210593
210821
210974
211008
211011
211045
211082
211195
211277
211518
211527
211786
211821
211886
211902
211996
212059
212096
212232
212254
212342
212353
212521
212580
212582
212641
212775
212805
212817
213216
213233
213372
213375
213471
213656
213804
214014
214016
214313
214370
214519
214558
214623
214756
214758
214845
214955
214964
215148
215273
215340
215415
215440
215557
215592
215600
215633
215650
215727
215843
215893
216126
216147
216251
216433
216480
216499
216590
216608
216781
216808
216938
217594
217773
217998
218404
218890
218987
219173
219173
219391
219450
219557
219572
219581
219612
219642
219706
219801
219898
219940
220079
220124
220137
220318
220320
220425
220461
220478
220540
220588
220724
220765
220818
220823
221008
221043
221148
221381
221463
221485
221533
221555
221645
221697
221802
221829
221839
221869
221992
222072
222104
222105
222284
222707
222713
222956
223018
223048
223150
223170
223180
223253
223415
223630
223697
223703
223791
223963
224011
224050
224130
224170
224395
224400
224401
224485
225030
225058
225119
225304
225346
225520
225616
225617
225704
225783
225805
225973
226059
226177
226226
226263
226301
226313
226328
226344
226354
226587
226683
226727
226805
226914
226928
227010
227219
227230
227532
227644
227687
227755
227819
227866
227898
228115
228125
228162
228328
228331
228437
228509
228545
228631
228766
228875
228936
229022
229414
229444
229747
230038
230269
230339
230416
230418
230620
230672
231066
231387
231396
231504
231556
231596
231634
231753
231798
231871
232008
232380
232577
232633
232918
232980
232991
233184
233195
233223
233242
233614
233638
233731
233886
233923
234231
234474
234542
234606
234663
234675
234827
234884
234911
234916
235001
235031
235333
235390
235467
235488
235664
235665
235808
235816
235889
236044
236074
236116
236138
236139
236359
236374
236518
236522
236608
236694
237024
237431
237560
237700
237855
237958
238013
238249
238805
238831
239026
239078
239240
239282
239376
239423
239445
239546
239565
239676
239693
239986
240013
240048
240265
240297
240378
240475
240494
240654
240701
240732
241015
241070
241090
241434
241459
241468
241503
241592
241806
241820
242004
242029
242191
242214
242466
242469
242521
242613
242684
242711
242867
242928
243034
243220
243329
243397
243450
243535
243642
243698
243856
244009
244066
244077
244234
244341
244365
244667
244748
244926
244927
245133
245144
245154
245341
245684
245689
245691
245914
245922
246015
246078
246622
246626
246767
246803
246976
246981
246991
247400
247467
247506
247518
247583
247663
247921
247937
247985
248130
248314
248337
248458
248463
248497
248542
248543
248556
248660
248783
248787
248991
249113
249225
249383
249385
249455
249719
249889
249916
249926
250205
250274
250366
250421
250532
250536
250689
250793
250893
251456
251663
251715
251730
251791
251795
251831
251898
251925
252034
252111
252314
252321
252436
252469
252704
252779
253198
253240
253337
253351
253567
253632
253694
253706
253711
254027
254096
254154
254406
254413
254431
254680
254733
254796
254914
255085
255121
255127
255139
255352
255410
255479
255504
255559
255643
255701
255735
255778
255849
255983
256002
256233
256292
256647
256668
256673
256703
256889
256999
257031
257047
257103
257140
257323
257369
257635
257682
257712
257853
257875
257924
257941
257963
258026
258204
258265
258800
258811
258904
258941
259043
259069
259373
259384
259670
259703
259704
259723
259754
259868
259871
259972
260199
260377
260418
260572
260719
260785
260794
261070
261169
261240
261293
261338
261375
261589
261595
261676
261722
261888
261933
262078
262147
262791
262830
262831
262906
262940
263014
263081
263416
263521
264133
264223
264287
264318
264328
264368
264444
264465
264519
264589
264621
264627
264666
264719
264863
264886
264924
264958
264986
264996
265038
265082
265353
265498
265569
265631
265706
265750
265793
265794
265804
265835
265843
265850
265871
265924
265955
265980
266096
266120
266264
266270
266281
266379
267012
267021
267136
267266
267292
267602
267621
267690
267760
267787
267957
267999
268022
268089
268202
268664
268694
269035
269119
269398
269401
269621
269726
270015
270020
270392
270472
270706
270789
270850
270908
270924
270986
271369
271435
271510
271734
271925
271932
271953
272036
272141
272181
272220
272284
272442
272448
272463
272611
272670
272703
272730
272806
272948
272987
273047
273122
273258
273504
273596
273616
273663
273870
273916
273955
273970
273983
273994
274028
274533
274638
274773
274785
274786
274804
275193
275232
275275
275281
275387
275466
275572
275843
275901
275990
276005
276073
276179
276218
276443
276554
276620
276799
276870
276908
277015
277034
277187
277246
277275
277343
277413
277489
277646
277664
277701
278115
278179
278553
278596
278800
278851
279168
279207
279528
279578
279677
279739
279740
279911
280067
280144
280310
280401
280448
280471
280570
280665
280698
280807
280862
280862
281052
281058
281062
281065
281135
281138
281195
281403
281407
281431
281448
281471
281531
281564
281677
281828
281903
282134
282153
282313
282324
282564
282566
282572
282672
282788
282808
282834
282845
283016
283144
283168
283200
283230
283292
283395
283526
283568
283587
283738
283748
283786
283852
284200
284364
284434
284486
284784
284847
284926
285228
285270
285280
285346
285413
285579
285644
285704
285773
285800
285862
285940
286106
286231
286243
286264
286286
286395
286421
286431
286481
286495
286574
286777
286858
286909
287163
287388
287422
287452
287477
287515
287981
288008
288075
288184
288193
288211
288248
288288
288298
288399
288450
288827
288956
288960
289287
289311
289367
289376
289701
289711
289712
289941
290018
290062
290286
290390
290482
290758
290776
290802
290803
290975
291020
291025
291067
291143
291171
291219
291297
291397
291518
291597
291673
291805
291833
291921
291971
292011
292035
292035
292113
292131
292251
292261
292284
292334
292420
292450
292475
292835
292958
293125
293131
293132
293146
293148
293233
293252
293282
293450
293564
293586
293809
293913
294213
294245
294294
294431
294556
294661
294797
294984
295000
295349
295365
295386
295519
295536
295657
295873
295876
295927
295963
296050
296129
296129
296208
296242
296343
296389
296434
296474
296474
296516
296680
296795
297127
297232
297254
297360
297421
297623
297826
297940
297997
298089
298109
298155
298165
298218
298345
298664
298672
298989
298991
299069
299313
299451
299477
299638
299651
299658
299659
299666
299734
299744
300073
300121
300154
300268
300390
300398
300514
300618
300637
300677
300731
300974
301788
301812
301855
301926
301964
302020
302109
302177
302233
302434
302709
302762
302844
302873
303037
303045
303128
303193
303249
303336
303413
303414
303434
303467
303511
303522
303546
303568
303601
303631
303820
303920
304025
304119
304171
304203
304329
304400
304451
304485
304738
304761
304808
304830
304856
305192
305233
305256
305462
305533
305634
306121
306127
306421
306568
306604
306607
306785
306909
306924
306966
306986
307038
307107
307263
307263
307327
307358
307578
307678
307702
307760
307792
307848
307873
307951
307953
308056
308073
308125
308185
308189
308506
308538
309014
309092
309171
309354
309422
309588
310019
310036
310129
310282
310459
310673
310700
310865
310915
310935
311048
311227
311303
311400
311504
311652
311991
312006
312117
312312
312377
312400
312403
312415
312437
312613
312678
312754
312783
312790
312815
312854
312927
312992
313054
313132
313170
313271
313305
313357
313531
313556
313773
313818
313929
314120
314153
314192
314251
314580
314858
314966
315021
315048
315052
315070
315169
315260
315335
315367
315493
315523
315706
316058
316074
316199
316225
316251
316279
316437
316593
316715
316768
316802
317047
317144
317475
317510
317612
317793
317822
318138
318202
318212
318240
318243
318277
318345
318468
318593
318597
318688
318724
318772
318916
319063
319251
319274
319318
319442
319615
319694
319966
320201
320230
320350
320617
320633
320646
320647
320677
320813
320890
321003
321106
321254
321266
321285
321291
321331
321694
321784
321802
321854
322064
322150
322165
322212
322217
322587
322678
322687
322839
322845
322886
323089
323169
323273
323329
323643
323722
323757
324294
324308
324533
324546
324604
324750
324812
324832
324950
325005
325080
325102
325174
325245
325246
325296
325305
325430
325475
325525
325546
325595
325626
325724
325888
325915
325961
326004
326035
326082
326169
326201
326404
326658
326891
326940
326975
327130
327307
327443
327490
327600
327679
327743
327778
327832
327882
327922
328068
328129
328150
328339
328540
328590
328705
328770
328777
328802
329007
329089
329305
329494
329541
329559
329841
329924
329998
330099
330361
330450
330594
330709
330845
330858
330902
331084
331094
331223
331282
331322
331350
331843
332069
332134
332135
332196
332343
332384
332532
332545
332618
332667
332709
332826
332872
332945
332964
333092
333254
333300
333324
333328
333355
333418
333451
333496
333535
333628
333639
333744
333744
333914
333970
334132
334208
334376
334527
334737
334738
334932
334969
334970
334976
335289
335295
335346
335365
335384
335599
335698
335874
335931
336027
336035
336087
336123
336135
336227
336370
336618
336630
336640
336658
336817
337012
337096
337308
337313
337342
337365
337420
337431
337594
337621
337653
337665
337924
338152
338175
338177
338215
338386
338414
338569
338718
338783
338881
338943
339097
339144
339173
339375
339426
339447
339721
339999
340084
340143
340149
340179
340384
340631
340719
340770
340787
340792
340931
340970
341030
341252
341268
341338
341422
341497
341638
341785
341828
342025
342292
342309
342452
342529
342573
342706
342817
342832
342842
342888
342980
343087
343194
343205
343240
343330
343373
343685
343859
343884
343893
343943
344005
344010
344059
344335
344386
344483
344509
344713
344735
344878
345012
345265
345325
345327
345605
345699
345750
345843
346160
346390
346403
346474
346496
346654
346774
346918
346982
347210
347331
347357
347448
347501
347753
347788
347862
347932
348133
348396
348407
348821
348901
349108
349143
349242
349441
349591
349659
349847
349983
350010
350076
350237
350450
350562
350577
350679
350802
350871
350915
351072
351391
351405
351856
351888
351972
351982
352013
352098
352134
352242
352253
352371
352709
352714
352935
352955
353173
353354
353577
353653
353685
353809
353814
353879
353973
354196
354288
354409
354428
354449
354634
354758
354844
354902
355079
355096
355140
355376
355390
355433
355472
355642
355763
355792
355850
355868
356016
356045
356055
356058
356061
356649
356715
356740
357101
357273
357379
357502
357737
357766
357788
357813
358149
358212
358246
358324
358449
358545
358548
358632
358752
359062
359175
359344
359353
359595
359752
359925
359938
359998
360154
360253
360662
360671
360780
360804
360969
360975
361043
361248
361270
361433
361557
361689
361775
361781
361827
361879
361894
361997
362004
362053
362150
362239
362395
362421
362448
362460
362600
362613
362634
363045
363136
363263
363318
363811
363830
363877
363958
364033
364081
364120
364306
364390
364418
364674
364866
365195
365206
365225
365307
365414
365505
365599
365603
365750
365756
365834
365860
365895
365897
366024
366200
366349
366409
366514
366613
366706
366712
366860
366966
367063
367401
367445
367587
367711
367791
367797
368080
368208
368210
368211
368342
368418
368471
368832
369095
369155
369223
369307
369356
369362
369498
369750
369779
370020
370059
370064
370115
370131
370148
370243
370470
370607
370722
370825
370889
370922
370950
371326
371400
371542
371677
372112
372238
372388
372639
372959
373170
373448
373571
373616
373665
373734
373743
373934
373934
373997
374470
374512
374599
374656
374843
374934
374984
375004
375316
375321
375340
375390
375398
375417
375721
375784
375861
375984
376383
376426
376465
376606
376607
376655
376761
376764
376900
377092
377122
377233
377538
377612
377817
377903
377915
378031
378468
378508
378545
378602
378684
378747
378808
378861
379185
379224
379254
379405
379408
379595
379603
379719
379886
379945
379959
379990
380038
380089
380281
380348
380598
380732
380818
380856
380891
380967
380987
380991
381321
381402
381601
381904
381940
381970
381986
382028
382132
382223
382227
382467
382470
382794
383059
383109
383146
383219
383309
383535
383553
383644
383657
383917
383947
383979
384074
384173
384183
384336
384364
384525
384642
384657
384728
384749
384759
384761
384820
384851
384856
385271
385323
385490
385582
385950
385968
386011
386042
386184
386420
386441
386707
386716
386755
386757
387035
387138
387193
387348
387413
387550
387636
387657
387806
387879
387933
388062
388503
388578
388711
388831
388852
388899
389277
389353
389481
389509
389564
389595
389637
389669
389895
389900
389990
390014
390040
390126
390354
390432
390506
390665
390666
390678
390703
390860
391025
391165
391168
391242
391270
391304
391361
391377
391525
391606
391738
391790
391902
391938
391979
391980
392058
392149
392182
392233
392398
392500
392528
392542
392549
392673
392721
392759
393225
393377
393420
393427
393780
393781
393828
393898
393922
393956
393974
393979
394005
394035
394065
394177
394252
394255
394264
394285
394329
394523
394684
394845
394868
395025
395042
395169
395181
395384
395478
395486
395774
395809
395837
395909
396418
396550
396618
396800
396855
396925
397008
397031
397115
397175
397228
397395
397506
397563
397596
397606
397620
397629
397793
397797
397800
397870
397925
398123
398242
398390
398738
398802
398818
398895
398921
399096
399138
399145
399176
399178
399232
399333
399426
399492
399592
399627
399754
399754
399839
400133
400189
400216
400232
400256
400267
400502
400506
400581
400604
400611
400669
400700
400719
400725
400947
401036
401100
401207
401293
401309
401364
401462
401521
401543
401639
401694
401741
401877
402244
402250
402278
402328
402379
402577
402594
402901
403247
403389
403412
403543
403757
403831
403862
403937
403956
403966
404047
404146
404207
404216
404333
404388
404477
404485
404495
404595
404761
405048
405105
405119
405130
405271
405282
405327
405368
405371
405451
405526
405690
405719
405741
405955
406077
406161
406181
406331
406351
406351
406393
406529
406969
407102
407167
407359
407402
407405
407524
407632
407670
407680
407722
407899
408075
408124
408130
408283
408297
408297
408413
408446
408549
408583
408660
408735
409056
409408
409408
409455
409513
409578
409623
409663
409696
409825
409906
410050
410513
410564
410600
410804
410965
411054
411086
411233
411270
411364
411403
411561
411583
411583
411671
411727
411745
411775
411833
411852
411866
411878
411880
411887
412150
412475
412477
412628
412634
412824
412958
413007
413138
413244
413257
413263
413416
413710
413736
413932
414229
414357
414380
414456
414477
414580
414582
414603
414604
414660
414694
414810
415088
415570
415821
415832
415864
415907
416048
416051
416088
416104
416189
416191
416239
416280
416552
416594
416597
416741
416757
416855
416951
417061
417064
417185
417200
417241
417305
417394
417460
417488
417672
417926
418008
418054
418239
418306
418332
418503
418528
418578
418595
418661
418810
418907
419117
419248
419410
419442
419561
419688
419750
419805
419951
419986
420057
420102
420117
420254
420628
420681
420699
421100
421302
421424
421461
421516
421639
421719
421723
421843
421992
422083
422115
422261
422266
422291
422347
422395
422403
422771
422860
422874
422996
423007
423057
423145
423149
423160
423231
423395
423427
423574
423777
423858
423889
424133
424134
424154
424165
424304
424336
424466
424468
424513
424648
424962
425048
425137
425146
425168
425225
425308
425370
425465
425508
425619
425715
425778
426074
426155
426201
426212
426298
426338
426400
426541
426600
426809
426834
426872
427105
427290
427337
427561
427606
427690
427829
427930
427952
428084
428102
428187
428222
428462
428496
428634
428840
428862
428910
429058
429065
429083
429108
429201
429532
429658
430043
430119
430164
430166
430183
430193
430224
430251
430349
430357
430406
430611
430628
430769
430796
431049
431114
431123
431145
431191
431414
431440
431486
431546
431714
431764
431786
432139
432176
432198
432201
432341
432435
432487
432633
432668
432709
432737
432823
432948
432995
433005
433131
433177
433283
433353
433359
433398
433399
433468
433483
433547
433610
433702
433854
434022
434040
434185
434957
435071
435102
435124
435175
435390
435519
435640
436055
436073
436131
436575
436651
436681
436712
436763
436780
437048
437186
437374
437409
437482
437509
437560
437875
437890
438049
438050
438303
438336
438571
438585
438593
438679
438732
438805
438869
438927
439195
439297
439473
439568
439764
439794
439875
439894
439954
440445
440548
440591
440759
440801
440896
440973
441000
441182
441506
441777
441779
441949
441973
442264
442308
442345
442348
442473
442476
442618
442626
442639
442686
442688
442770
442870
442884
443028
443038
443123
443164
443185
443249
443352
443483
443747
443827
443884
443977
443998
444267
444407
444496
444556
444615
444923
445024
445217
445332
445459
445478
445497
445508
445965
446048
446144
446272
446280
446300
446346
446377
446489
446548
446670
446684
446933
447019
447053
447230
447239
447265
447290
447422
447440
447448
447495
447628
447642
447678
447787
447835
447902
447995
448010
448040
448076
448372
448473
448523
448729
449282
449449
449501
449504
449553
449562
449767
449834
449920
450447
450687
450742
450757
450854
450855
450987
451420
451533
451573
451584
451972
452097
452155
452174
452326
452476
452509
452554
452606
452864
452931
453044
453382
453597
453667
453981
453986
453997
454120
454216
454272
454280
454315
454331
454523
454645
454656
454709
454891
454891
454897
455157
455182
455236
455260
455291
455311
455339
455462
455807
456004
456009
456046
456283
456327
456599
456680
456699
456743
456781
456850
457166
457190
457297
457328
457522
457624
457669
457722
457939
457953
458055
458128
458263
458277
458281
458379
458421
458446
458603
458624
458631
458718
458770
458864
459203
459218
459222
459256
459341
459475
459494
459624
459693
460026
460108
460153
460216
460287
460433
460533
460562
460721
460806
460863
461015
461113
461156
461255
461305
461438
461486
461509
461521
461638
461665
461700
461745
461782
461783
461852
461867
462083
462135
462798
462804
463341
463587
463666
463945
464211
464225
464258
464336
464449
464494
464621
464739
464757
464873
464881
464912
464926
465216
465301
465382
465664
465822
465888
465910
466200
466485
466488
466508
466606
466724
466829
467047
467071
467195
467198
467413
467415
467454
467520
467605
467653
467706
467754
467767
467905
467966
468064
468125
468557
468557
468630
468645
468655
468674
468709
468709
468864
468989
469075
469120
469132
469252
469256
469465
469473
469496
469530
469552
469567
469717
469782
469921
470133
470304
470305
470411
470411
470708
470721
470748
470870
470922
470936
470968
471045
471172
471389
471501
471710
471819
471953
472043
472181
472230
472495
472524
473002
473083
473115
473277
473404
473468
473588
473621
473790
473924
473959
474199
474346
474428
474534
474541
474588
474662
474671
474686
474730
474809
474915
475107
475258
475278
475324
475408
475442
475597
475749
475926
475935
475960
475975
476000
476421
476430
476458
476588
476665
476673
476719
476780
476956
477294
477337
477350
477585
477646
477820
477900
477968
477979
478113
478333
478371
478374
478382
478471
478685
478981
478999
479112
479329
479365
479447
479578
479767
479821
479844
479902
479969
479988
479993
480008
480026
480098
480126
480675
480677
480839
481036
481103
481203
481213
481253
481466
481527
481701
481703
481712
481791
481792
481934
481939
482069
482227
482262
482325
482356
482439
482448
482464
482537
482537
482560
482686
482718
482915
482997
483010
483152
483191
483269
483341
483476
483510
483587
483624
483698
483801
483829
484029
484058
484259
484525
484556
484656
484878
485233
485295
485426
485456
485500
485532
485584
485623
485911
486035
486051
486080
486152
486254
486278
486284
486290
486310
486332
486347
486415
486968
487026
487039
487077
487253
487353
487437
487540
487909
487962
487995
488026
488150
488298
488545
488641
488778
488807
488908
489000
489000
489159
489196
489198
489384
489621
489651
489694
490115
490202
490208
490255
490297
490326
490474
490527
490574
490591
490641
490702
490970
491104
491360
491419
491508
491809
491931
491961
491994
492071
492183
492281
492328
492783
492861
493105
493105
493319
493371
493484
493501
493514
493675
493724
493734
493784
493849
494042
494177
494208
494332
494464
494591
494696
494880
495043
495176
495269
495367
495522
495570
495812
495832
496057
496159
496235
496256
496288
496402
496413
496424
496479
496506
496635
496660
496704
496770
496864
496912
496993
497135
497167
497177
497185
497321
497365
497523
497688
497723
497751
497819
497847
497949
498014
498024
498037
498135
498156
498235
498248
498287
498341
498404
498440
498455
498635
498651
498762
498875
499002
499092
499284
499291
499295
499331
499412
499493
499500
499539
499587
499619
499882
500080
500101
500130
500844
500845
500876
501058
501066
501125
501180
501235
501240
501390
501407
502051
502566
502575
502650
502651
502710
502745
502763
502861
502987
503042
503085
503124
503532
503549
503559
503580
503585
503727
503743
503770
503806
503861
503894
503922
504208
504581
504766
504796
504872
504879
504964
505422
505528
505620
505638
505658
505715
505750
505795
506049
506316
506580
506624
506674
506764
506776
506880
506894
507125
507237
507375
507489
507657
507741
507967
508222
508243
508377
508485
508495
508570
508580
508633
508651
508780
508878
509286
509287
509334
509421
509463
509550
509647
510002
510016
510046
510188
510217
510440
510472
510495
510721
510831
510962
510990
511022
511022
511151
511378
511398
511400
511427
511497
511843
511872
511890
511983
512006
512009
512203
512342
512346
512390
512402
512489
512508
512636
512751
512782
512893
512894
513032
513053
513170
513252
513323
513335
513413
513470
513612
513690
513755
513799
513893
514208
514234
514308
514566
514581
514797
514837
514858
514904
514932
515096
515162
515174
515187
515330
515448
515829
515957
516025
516040
516123
516389
516459
516855
516860
517103
517104
517158
517165
517339
517449
517571
517613
517898
517913
517946
518039
518050
518066
518113
518190
518203
518203
518375
518500
518617
518647
518909
518978
519149
519153
519176
519334
519407
519426
519510
519512
519599
519650
519758
520235
520355
520370
520458
520484
520538
520560
520593
520603
520649
520931
521007
521143
521399
521422
521529
521645
521701
522077
522086
522106
522212
522242
522274
522413
522487
522697
522742
522764
522955
523092
523147
523166
523839
524007
524104
524216
524231
524293
524388
524486
524528
524577
524778
524868
525120
525124
525231
525255
525294
525456
525658
525760
525820
525822
525857
525864
525923
525989
526017
526039
526168
526186
526294
526412
526489
526534
526548
526611
526694
526805
526807
526996
527081
527104
527167
527193
527239
527346
527387
527508
527624
527988
528157
528179
528187
528366
528371
528484
528505
528553
528721
528823
528853
528888
529020
529161
529318
529467
529493
529534
529598
529628
529699
529853
529877
529982
530121
530204
530215
530346
530460
531172
531305
531326
531430
531447
531673
531713
531735
531749
531794
531879
531914
531989
532143
532219
532351
532435
532577
532640
532698
532728
532968
532971
533290
533506
533641
533642
533813
534085
534145
534211
534418
534607
534730
534964
535024
535162
535266
535280
535359
535877
536048
536226
536296
536413
536423
536444
536495
536515
536561
536695
536697
536811
536833
536881
536902
536927
537122
537141
537143
537177
537267
537280
537396
537488
537811
537834
537917
537952
538061
538228
538668
538696
538797
538839
538858
538879
538879
539009
539194
539472
539517
539553
539613
539638
539746
539824
539945
540039
540045
540111
540285
540383
540487
540844
540950
540976
541213
541232
541299
541332
541480
541525
541848
541850
542008
542047
542409
542479
542537
542590
542622
542639
542691
542712
542743
542993
543039
543133
543233
543478
543503
543563
543695
543831
543837
544013
544186
544222
544261
544417
544469
544573
544926
545097
545109
545231
545348
545512
545555
545629
545658
545717
545782
545820
545836
545925
545954
545971
545981
546285
546489
546499
546561
546589
546735
546744
546763
546774
546782
546862
546959
547093
547212
547405
547503
547587
547623
547737
547900
547938
547942
548000
548991
549159
549247
549329
549359
549401
549415
549427
549446
549472
549518
549600
550011
550242
550252
550653
550674
550761
550891
550908
550908
550932
550939
551007
551169
551188
551287
551496
551683
551703
551712
551755
551855
551934
552018
552050
552162
552198
552223
552267
552377
552393
552580
552637
552704
552708
552969
552975
553010
553026
553046
553057
553112
553438
553508
553532
553620
553626
553645
553652
553719
553769
553846
553855
553897
554325
554486
554576
554639
554652
554720
554738
554788
554986
555222
555264
555503
555611
555620
555682
555964
556051
556287
556492
556537
556596
556618
556620
556639
556787
556866
556967
557051
557185
557227
557269
557393
557408
557564
557735
558477
558505
558625
558659
558739
558924
559086
559207
559382
559395
559636
559825
560312
560445
560462
560744
561068
561119
561137
561190
561311
561415
561437
561496
561525
561606
561730
562204
562245
562276
562362
562432
562468
562536
562553
562572
562650
562825
562835
562839
562853
562877
562878
563118
563340
563574
563698
563934
564110
564137
564192
564198
564234
564399
564562
564615
564680
564762
564790
564792
564987
564994
565083
565255
565339
565380
565428
565509
565633
565788
565842
565845
565962
565987
565996
566008
566031
566182
566252
566329
566344
566407
566460
566495
566496
566509
566635
566838
567348
567538
567581
567740
567976
568022
568186
568235
568292
568467
568531
568613
568626
568814
568818
568917
569083
569189
569221
569407
569462
569544
569646
569757
569987
570001
570139
570263
570267
570349
570484
570561
570716
570777
570835
570903
570918
570922
570994
571149
571221
571864
571897
572085
572229
572345
572490
572562
572591
572629
572725
572796
572882
573062
573118
573314
573381
573449
573479
573561
573628
573677
573689
573794
573898
574005
574012
574109
574172
574232
574440
574662
574817
574921
575049
575169
575210
575312
575362
575366
575379
575515
575531
575811
576238
576316
576373
576406
576554
576601
576680
576962
577154
577162
577186
577225
577311
577447
577578
577586
577901
577973
578170
578172
578320
578401
578452
578638
578740
578875
578918
578954
578993
579014
579032
579033
579090
579269
579311
579474
579504
579524
579586
579888
579922
580183
580321
580491
580558
580598
580750
580782
580952
581046
581114
581116
581122
581331
581402
581478
581512
581608
581651
581664
581742
581996
582069
582171
582288
582446
582491
582691
582761
582834
582841
582884
582940
583014
583164
583537
583839
583901
584055
584073
584170
584191
584233
584294
584369
584567
584750
584938
585058
585182
585283
585399
585440
585525
585542
585681
585769
585788
585849
585873
586011
586021
586027
586119
586137
586139
586413
586672
586753
586892
586902
587034
587056
587167
587178
587269
587280
587331
587547
587547
587561
587660
587835
587883
587925
587978
587980
587991
588180
588187
588244
588280
588362
588501
588741
589065
589089
589132
589180
589505
589505
589544
589565
589641
589759
589889
589911
589947
590218
590321
590343
590344
590533
590545
590655
590773
590932
591043
591068
591069
591115
591144
591219
591367
591426
591460
591513
591579
591837
591866
591893
592019
592103
592116
592140
592146
592281
592283
592481
592620
593268
593358
593385
593611
593673
593769
593793
593840
593994
594063
594083
594466
594505
594654
594679
594767
594871
594915
595019
595064
595226
595369
595378
595381
595396
595410
595416
595482
595497
595643
595662
595728
595861
595948
596000
596013
596014
596261
596420
596743
596745
596791
596846
596852
596865
596871
596885
596966
597138
597139
597144
597229
597276
597399
597441
597677
597875
597924
597956
598072
598124
598131
598210
598236
598294
598325
598483
598567
598862
598867
598875
598961
599149
599201
599207
599351
599480
599488
599493
599520
599520
599669
599700
600163
600330
600571
600586
600750
600752
600834
600877
600925
600968
600974
601026
601048
601218
601227
601235
601273
601346
601462
601583
601700
601726
601749
601834
601934
602062
602259
602261
602329
602364
602454
602464
602797
602835
602844
603069
603075
603211
603402
603538
603722
603758
603814
603926
604055
604074
604134
604280
604422
604429
604662
604896
604977
605137
605367
605452
605492
605518
605590
605653
605760
605981
606032
606189
606194
606202
606351
606731
606835
606931
606947
606961
606987
607057
607136
607270
607321
607389
607402
607541
607724
607989
608003
608107
608219
608256
608431
608493
608611
608625
608828
608883
608929
608962
608984
609036
609132
609294
609356
609477
609478
609482
609507
609540
609658
609808
610264
610408
610599
610608
610844
610975
611092
611156
611212
611278
611341
611389
611456
611480
611549
611691
611736
611750
611803
611826
612368
612443
612643
612678
612776
612856
612998
613244
613452
613497
613545
613592
613753
613886
613947
614020
614206
614252
614296
614360
614437
614785
614937
614987
615006
615236
615435
615609
615691
615845
615950
616059
616090
616102
616232
616305
616400
616492
616528
616836
617065
617152
617251
617312
617460
617529
617536
617561
617648
617667
618018
618069
618146
618178
618245
618286
618437
618524
618755
618771
618787
618843
618867
618952
618953
618987
619024
619193
619195
619218
619429
619619
619817
620047
620150
620273
620400
620422
620633
620720
620749
620779
621004
621022
621027
621031
621075
621121
621224
621481
621556
621646
621648
621904
622021
622131
622185
622190
622240
622279
622340
622348
622436
622441
622654
622725
622932
623022
623067
623088
623267
623438
623439
623468
623875
623894
623907
623946
624009
624030
624061
624164
624186
624273
624808
624887
624932
625015
625153
625239
625272
625382
625823
625830
626091
626501
626510
626676
626691
627101
627113
627424
627456
627469
627755
627937
628172
628233
628302
628670
628737
628807
628847
628927
629097
629164
629265
629349
629557
629579
629613
629795
629855
629862
629932
630038
630084
630112
630263
630315
630553
630593
630621
630741
630823
630859
630953
630979
631121
631215
631215
631257
631328
631409
631456
631659
631716
631728
631877
631986
632351
632407
632435
632514
632569
632592
632970
632996
633402
633739
633752
633898
633952
634559
634585
634605
634617
634797
634849
634973
634994
635063
635107
635108
635354
635528
635577
635739
635751
635895
636005
636009
636096
636126
636206
636229
636239
636340
636398
636417
636551
636615
636618
636637
636857
636883
637206
637385
637496
637526
637835
637858
638056
638185
638266
638272
638319
638335
638376
638403
638748
638757
638966
639347
639504
639577
639774
639776
639873
639875
639956
640103
640251
640275
640341
640616
640630
640667
640716
640751
641101
641105
641169
641209
641224
641319
641356
641772
641781
641811
641818
641967
641977
642231
642252
642295
642296
642452
642663
642776
642914
643056
643144
643264
643340
643377
643759
643820
643830
643906
643911
643930
644028
644130
644228
644286
644380
644413
644584
644799
645214
645235
645253
645276
645303
645375
645526
645538
645829
645937
645960
645987
646131
646142
646345
646499
646538
646785
646793
646962
646980
647011
647017
647181
647194
647209
647372
647433
647516
647540
647558
647652
647698
648064
648100
648142
648191
648330
648633
648700
648713
648752
648775
648779
648781
648809
648955
648965
649061
649078
649079
649118
649180
649377
649446
649661
649735
649932
650072
650072
650110
650340
650363
650365
650393
650521
650650
650670
650783
650800
650811
650846
650927
650986
651107
651144
651159
651297
651416
651491
651551
651595
651793
651823
651828
651973
652242
652429
652610
652802
652954
653017
653037
653047
653128
653237
653336
653434
653609
654005
654317
654574
654575
654728
654747
654768
654840
654850
655065
655226
655244
655304
655491
655733
656063
656092
656103
656135
656419
656672
656737
656840
656860
657009
657051
657105
657176
657218
657225
657281
657560
657663
657709
657992
658016
658473
658529
658678
658895
659111
659196
659240
659281
659300
659355
659551
659692
659872
659955
660275
660329
660590
660739
660854
660872
661011
661115
661167
661177
661221
661300
661326
661401
661435
661668
661781
661855
661956
662096
662155
662251
662328
662466
662725
662797
662808
662856
663227
663251
663363
663375
663468
663572
663580
663843
663955
664085
664304
664312
664402
664441
664624
664632
664657
664730
664888
665062
665302
665382
665405
665465
665649
665661
665744
665866
666110
666180
666452
666460
666743
666760
667127
667273
667295
667324
667456
667507
667551
667751
668043
668229
668350
668606
668637
668931
668971
669007
669112
669172
669222
669239
669277
669286
669401
669433
669607
669626
669817
669915
670025
670091
670179
670333
670353
670367
670447
670467
670561
670697
670783
670941
671007
671050
671123
671171
671280
671335
671468
671523
671551
671762
671803
671884
671960
672632
672648
672745
672780
673135
673319
673336
673584
673718
673761
674009
674425
674537
674626
674663
674751
674777
674920
674972
675026
675031
675062
675065
675515
675554
675597
675754
675774
675914
676101
676129
676239
676343
676376
676564
676656
676778
676880
676883
677009
677056
677114
677209
677241
677251
677343
677511
677522
677609
677613
677687
677744
677765
677813
678029
678314
678333
678434
678604
678832
678943
679064
679195
679309
679418
679448
679569
679627
679629
679744
679772
679788
679858
680090
680165
680169
680376
680426
681071
681073
681098
681143
681418
681425
681490
681547
681575
681608
681887
681896
681945
682003
682138
682281
682421
682436
682573
682631
682683
682846
682897
683190
683300
683302
683408
683534
683673
683772
683875
683894
683935
684009
684321
684331
684341
684450
684621
684629
684651
684677
684768
684903
685001
685192
685296
685467
685706
685713
686000
686072
686209
686603
686683
686769
686796
686905
686928
687094
687109
687344
687614
687873
687955
687994
688254
688343
688421
688427
688527
688562
688654
688871
688936
689015
689118
689133
689307
689356
689719
689741
689772
689778
690044
690050
690068
690467
690484
690506
690535
690543
690566
690574
690607
690852
690948
691232
691363
691466
691467
691578
691595
691644
691783
691876
691880
691927
691973
692123
692156
692335
692375
692589
692732
692740
693057
693115
693177
693316
693480
693798
693808
693969
693992
694079
694275
694449
694472
694523
694572
694811
694958
695107
695468
695621
695657
695663
695664
695687
695756
696002
696016
696287
696333
696503
696524
696634
696767
696768
696868
697042
697043
697056
697427
697480
697499
697514
698101
698256
698258
698311
698329
698771
698830
698882
699075
699319
699362
699372
699438
699532
699696
699728
699790
699876
699928
699976
700044
700122
700149
700181
700186
700229
700248
700292
700435
700532
700660
700793
700850
701051
701062
701062
701401
701476
701864
701963
702107
702147
702179
702415
702585
702631
703225
703356
703718
704239
704287
704420
704447
704601
704683
704729
704916
704922
705008
705019
705022
705149
705168
705196
705247
705249
705280
705365
705497
705557
705822
705857
705882
705917
705984
706001
706083
706165
706251
706295
706378
706433
706558
706576
706629
706754
706933
706992
707322
707350
707377
707498
707505
707617
707627
707755
707806
708100
708127
708330
708353
708417
708442
708474
708536
708711
708756
708823
708827
708831
708905
708944
708970
709005
709146
709196
709381
709394
709443
709443
709674
709702
709887
709954
710056
710154
710207
710543
710650
710765
710773
711013
711179
711218
711578
711694
711943
712078
712177
712186
712310
712638
712735
712958
713049
713182
713248
713278
713310
713367
713499
713590
713654
713658
713674
713766
714005
714090
714169
714346
714387
714441
714509
714605
714863
715022
715024
715029
715112
715125
715250
715323
715486
715528
715640
716004
716060
716280
716284
716325
716337
716890
716902
716985
717138
717324
717335
717396
717421
717493
717513
717526
717704
717759
717886
717989
718043
718183
718208
718308
718319
718382
718501
718614
718625
718691
719008
719017
719075
719090
719141
719505
719520
719521
719552
719568
719867
719925
719955
720231
720248
720421
720469
720476
720535
720708
721099
721127
721251
721319
721352
721481
721561
721626
721878
722027
722059
722078
722145
722179
722257
722420
722425
722714
722717
722740
723125
723194
723407
723423
723680
723683
723702
723769
723879
723890
723962
723980
723984
724012
724012
724024
724146
724152
724345
724419
724450
724504
724561
724829
724844
725007
725447
725685
725842
725895
726095
726180
726219
726325
726432
726516
726595
726638
726851
727069
727105
727257
727303
727626
727913
727996
728012
728102
728148
728241
728303
728304
728307
728366
728376
728555
728614
728921
728949
728985
729534
729621
729824
730039
730148
730212
730350
730687
730759
730851
730861
730969
731267
731357
731511
731537
731593
731622
731635
731668
731700
731701
731712
731837
731981
732068
732181
732226
732443
732484
732676
732733
732734
732808
732815
732957
733025
733181
733182
733310
733361
733472
733558
733644
733658
733670
733702
734133
734352
734680
734784
734845
734897
734901
735020
735045
735106
735127
735147
735160
735455
735730
736068
736364
736843
736871
737089
737169
737384
737716
737831
737875
737900
738011
738132
738216
738246
738270
738294
738388
738438
738475
738707
738735
738751
738822
738841
738902
738958
739017
739189
739261
739282
739466
739546
739584
739669
739680
739867
740236
740402
740489
740563
740566
740689
740768
740768
740927
740964
741016
741057
741072
741109
741121
741161
741176
741278
741294
741356
741468
741547
741617
741668
741710
741776
741937
741991
742150
742292
742454
742499
742539
742642
742716
742886
742992
743018
743115
743140
743210
743242
743490
743533
743657
743740
743797
743804
743806
743813
744036
744214
744367
744425
744610
744697
744705
744871
744903
745004
745062
745205
745209
745241
745454
745529
745664
746106
746267
746588
746623
746732
746832
746899
746950
746964
747046
747097
747264
747379
747462
747620
747651
748246
748344
748521
748529
748542
748634
748693
748890
749154
749274
749417
749441
749542
749593
749598
749768
749825
749869
749909
749911
750088
750095
750125
750176
750244
750253
750543
750612
750880
750988
751096
751137
751216
751276
751583
751737
751927
751936
751994
752080
752147
752157
752186
752257
752375
752457
752576
752709
752877
752888
752946
753263
753285
753291
753321
753432
753480
753492
753671
753785
753833
753968
753979
753992
754214
754359
754383
754452
754508
754522
754608
754704
754811
755033
755133
755260
755302
755395
755593
755757
755855
755909
756094
756218
756286
756378
756387
756403
756598
757035
757378
757450
757916
757955
758453
758547
758713
758952
759016
759066
759082
759085
759175
759311
759340
759681
759784
759854
759987
760188
760319
760360
760408
760498
760599
760671
760690
760800
760952
760988
761078
761282
761397
761516
761683
761838
761857
761943
761957
762146
762263
762369
762519
762577
762662
762689
762699
762709
762726
762750
762791
763037
763146
763274
763303
763770
763847
763856
763863
763903
764072
764291
764365
764624
764703
764804
764858
764897
765132
765266
765418
765428
765455
765761
766040
766047
766186
766267
766455
766538
766586
766744
766764
766868
766900
766922
766939
766958
767167
767223
767261
767307
767437
767542
767546
767556
767677
767697
767979
768015
768116
768195
768365
768551
768570
768575
768646
768652
768691
768885
769048
769098
769200
769340
769349
769652
769722
769766
769770
769776
769778
769830
769941
769985
770014
770055
770136
770226
770232
770274
770431
770655
770692
770820
770965
771257
771267
771286
771362
771459
771472
771893
771917
772011
772019
772039
772139
772142
772150
772215
772268
772393
772704
772727
772946
773113
773134
773166
773172
773258
773305
773377
773403
773521
773582
773701
773751
773759
773777
773864
773868
774132
774144
774312
774360
774371
774840
774894
774968
775129
775149
775373
775509
775519
775585
775608
775634
775662
775712
775775
775814
775915
775934
775942
776242
776506
776522
776597
776692
776848
776920
777017
777054
777094
777105
777137
777401
777511
777597
777699
777825
777829
777900
777920
777939
777952
778047
778174
778214
778307
778311
778393
778598
778631
778698
778732
778972
779084
779129
779218
779307
779321
779351
779384
779397
779565
779824
780099
780161
780190
780347
780427
780433
780582
780622
780735
780809
780810
780906
781021
781039
781128
781185
781262
781420
781589
781593
781678
781698
781749
781795
782107
782302
782363
782434
782795
782800
782824
782938
783150
783218
783353
783454
783554
783801
783882
783900
784196
784263
784283
784419
784602
784714
784806
784845
784902
785006
785174
785246
785302
785353
785373
785739
785881
785958
786102
786124
786171
786186
786191
786838
786896
786952
786991
787059
787185
787189
787217
787300
787374
787405
787486
787522
787569
787764
787807
787891
787952
787955
788211
788232
788335
788343
788453
788483
788592
788747
788816
788832
788971
789059
789276
789298
789746
789892
790287
790411
790534
790539
790574
790583
790599
790643
790799
790820
790857
790956
791237
791314
791330
791407
791423
791550
791747
791791
791834
791947
792024
792061
792173
792291
792347
792384
792710
792793
792830
792861
793191
793468
793501
793566
793661
793847
793986
794100
794155
794279
794309
794337
794543
794584
794620
794621
794729
794738
794765
794802
794920
794920
795084
795205
795285
795325
795351
795420
795420
795422
795499
795592
795727
795778
795789
795795
795878
795982
796001
796001
796066
796151
796294
796301
796393
796441
796493
796497
796739
796889
797060
797331
797354
797443
797449
797517
797722
797769
797837
797984
798102
798159
798186
798258
798538
798804
798821
798884
798965
798971
799082
799086
799111
799233
799242
799247
799451
799605
799951
799951
800029
800189
800298
800353
800666
800755
800864
801051
801057
801167
801234
801292
801293
801454
801798
801842
801940
802122
802242
802463
802503
802663
802687
802753
802829
802854
802993
803122
803159
803311
803364
803372
803408
803494
803732
803882
803886
803949
804165
804415
804488
804516
804550
804657
804889
804957
804970
805063
805131
805328
805380
805393
805400
805421
805474
805544
805552
805717
805797
805827
805852
806399
806419
806713
806744
806963
807012
807226
807262
807410
807628
807765
807812
807814
808076
808092
808258
808572
808721
808729
808937
808987
809251
809460
809784
809821
809844
810153
810203
810227
810323
810452
810568
810718
810790
810902
811031
811332
811377
811473
811544
811797
812148
812227
812231
812453
812627
812691
813119
813222
813293
813378
813409
813531
813565
813711
813845
813859
813875
814021
814055
814301
814372
814412
814476
814512
814567
814609
814641
815060
815089
815099
815122
815223
815350
815423
815501
815694
815773
816057
816105
816202
816378
816555
816561
816813
816868
816872
817003
817098
817143
817286
817300
817312
817404
817434
817600
817714
817733
817791
817935
818082
818229
818347
818616
818863
818973
818980
819096
819100
819224
819301
819476
819522
819635
819672
819814
820022
820082
820187
820276
820378
820536
820539
820603
820689
820972
821012
821210
821246
821369
821423
821442
821474
821477
821550
821785
821951
822031
822093
822227
822395
822415
822503
822705
822758
822811
822934
823026
823064
823297
823346
823422
823428
823498
823510
823566
823884
823936
824140
824161
824237
824251
824792
824946
824991
825016
825018
825382
825436
825460
825525
825561
825652
825667
825677
825742
825764
825826
825847
825853
825896
825942
826010
826082
826090
826670
826699
826733
826821
826840
826961
827112
827119
827224
827318
827328
827374
827419
827661
827740
827769
827853
827912
827979
828007
828157
828251
828500
829067
829166
829178
829376
829390
829609
829615
829836
829889
830005
830047
830140
830176
830218
830220
830335
830570
830707
830876
830999
831023
831078
831099
831111
831120
831506
831654
831864
832085
832273
832289
832295
832646
832727
832987
833022
833034
833120
833385
833416
833452
833680
833954
833973
834007
834011
834098
834124
834130
834223
834313
834395
834670
834778
834779
834839
835051
835220
835269
835273
835353
835379
835436
835495
835547
835812
835820
835959
836169
836221
836241
836250
836422
836510
836639
836730
837049
837055
837149
837157
837252
837615
837892
837898
838046
838343
838457
838732
838762
838780
838811
838848
838864
838909
838949
838951
839302
839378
839710
839806
839880
839926
839983
840009
840117
840134
840251
840342
840646
840734
840807
840965
841118
841131
841251
841379
841548
841722
841769
841806
841838
841953
841957
842189
842216
842376
842405
842483
842520
842734
842751
842778
842779
842907
842992
843049
843141
843142
843151
843200
843251
843467
843516
843605
843692
843704
843811
843819
844539
844540
844576
844619
844623
844640
844694
844832
845170
845173
845408
845469
845640
845893
845969
846042
846121
846346
846377
846394
846422
846786
846988
847176
847307
847582
847874
847884
848030
848044
848061
848123
848294
848503
848509
848673
848702
848711
848804
848878
848997
849008
849026
849142
849364
849388
849454
849531
849565
849575
849607
849622
849623
849653
849955
850073
850195
850200
850309
850531
850597
850603
850659
850799
850968
851058
851190
851236
851285
851369
851432
851488
851545
851766
851805
851874
852144
852389
852389
852507
852570
852618
852724
852911
853026
853090
853131
853178
853229
853297
853338
853606
853625
853801
853812
853826
854268
854462
854550
854689
855277
855280
855494
855577
855769
855885
855902
856013
856106
856325
856327
856756
856838
856944
857044
857096
857106
857139
857173
857268
857305
857632
857708
857770
857870
857915
857918
858153
858489
858501
858643
858654
858731
859231
859232
859586
859586
859758
859794
859868
859922
860043
860166
860180
860203
860370
860608
860667
860683
860749
860781
861084
861155
861222
861408
861447
861491
861511
861714
861902
862034
862042
862115
862155
862226
862415
862430
862457
862521
862623
862768
862981
863085
863159
863160
863168
863245
863340
863450
863477
863481
863658
863808
863894
863929
864094
864247
864416
864428
864490
864509
864638
864893
864913
865438
865711
866092
866174
866246
866255
866438
866509
866514
866531
866640
866645
866678
866758
866905
866911
867031
867128
867128
867245
867289
867305
867461
867727
867739
868158
868270
868396
868484
868590
868622
868859
869100
869140
869187
869308
869523
869580
869652
869704
869782
869808
869921
869959
870049
870066
870067
870186
870193
870218
870260
870346
870348
870363
870376
870534
870662
870726
870816
870848
870898
870946
871129
871393
871411
871676
871706
871801
871825
872056
872145
872156
872207
872397
872424
872445
872448
872513
872587
872627
872654
872745
872753
872821
872871
873218
873259
873381
873761
873799
874039
874117
874172
874185
874254
874359
874716
874897
874913
874926
875003
875050
875059
875073
875159
875268
875345
875463
875657
875826
875840
876092
876604
876613
876707
876713
876753
876858
876907
876955
876969
877076
877109
877215
877608
877912
878016
878200
878271
878350
878372
878540
878583
878793
878892
878919
878962
879100
879522
879568
879756
879757
879827
880321
880413
880563
880592
881076
881167
881291
881294
881311
881351
881418
881441
881481
881504
881545
881797
882215
882313
882410
882465
882478
882558
882580
882770
882938
883240
883251
883426
883502
883855
883865
883938
884071
884169
884205
884328
884414
884424
884494
884506
884770
884791
884833
884930
884942
884975
885108
885679
885769
885889
885912
886092
886110
886324
886424
886450
886505
886629
886895
887138
887155
887170
887335
887559
887565
887656
887712
887738
887743
887965
887986
888143
888144
888265
888324
888896
889047
889061
889077
889229
889280
889318
889360
889364
889406
889429
889514
889818
889840
889870
890105
890149
890156
890294
890309
890324
890404
890515
890702
890772
890836
890880
890883
890956
891072
891154
891276
891393
891560
891662
891858
891968
892018
892121
892235
892247
892345
892532
892656
892913
892931
892948
893032
893046
893262
893347
893371
893402
893416
893469
893557
893618
893631
893845
893864
893953
894029
894059
894115
894188
894242
894244
894277
894287
894341
894358
894407
894459
894650
895054
895065
895067
895096
895260
895302
895332
895539
895558
895755
895765
895955
895962
895990
896267
896423
896487
896677
896938
897024
897076
897127
897294
897703
898004
898054
898221
898231
898235
898481
898491
898582
898717
898769
898813
898827
898849
898921
899105
899123
899125
899174
899224
899366
899457
899516
899738
899862
899896
899939
900092
900296
900430
900458
900540
900551
900667
900738
900835
901350
901390
901467
901561
901565
901696
902042
902234
902308
902361
902413
902440
902617
902814
902834
902910
902925
902996
903029
903046
903121
903158
903288
903347
903573
903611
903643
903754
903811
903945
903979
904051
904381
904426
904535
904589
904612
904673
904820
904831
904898
904981
905012
905277
905312
905328
905517
905593
905618
905710
906104
906447
906484
906587
906631
906672
906815
906817
906893
907004
907069
907106
907122
907210
907218
907240
907321
907396
907447
907562
907614
907867
908213
908381
908448
908506
908693
908994
909000
909297
909300
909599
909646
909650
909692
909722
910044
910084
910118
910157
910215
910230
910354
910372
910431
910708
910820
910885
911122
911193
911202
911225
911290
911437
911557
911579
911774
911872
912016
912429
912486
912783
912803
912962
912969
913098
913199
913224
913247
913601
913605
913653
913813
913813
913977
913985
914041
914107
914206
914214
914477
914484
914555
914927
914930
915003
915063
915076
915164
915234
915346
915696
915715
915778
915826
915968
916130
916180
916222
916342
916369
916460
916569
916580
916651
916690
916728
916771
916808
916963
917355
917524
917529
917549
917587
917673
917796
917955
918022
918055
918123
918197
918297
918463
918511
918769
918877
919228
919255
919475
919531
919554
919616
919739
919776
919785
920048
920105
920266
920359
920417
920454
920563
920707
920821
920890
920960
921000
921438
921489
921533
921844
921914
921975
922012
922048
922329
922355
922496
922547
922758
922793
923108
923125
923269
923546
923565
923644
923708
923728
923760
923847
924116
924203
924425
924615
924645
924904
925003
925033
925144
925475
925513
925791
925826
925994
926418
926486
926637
926662
926775
926846
926888
926992
926995
927112
927186
927252
927345
927561
927604
927737
927903
927950
927958
927992
928166
928195
928382
928412
928520
928555
928556
928680
929119
929294
929443
929513
929655
929876
929913
929936
930216
930268
930291
930545
930727
930815
931065
931089
931107
931503
931573
931595
931606
931654
931809
931918
932214
932327
932479
932557
932668
932801
933053
933079
933163
933408
933453
933545
933594
933631
933815
933878
933886
933933
933974
934165
934302
934304
934336
934346
934453
934546
934577
934697
934793
934883
935060
935128
935276
935508
935564
935995
936162
936186
936529
936531
936649
936742
936802
936810
936810
936853
936877
937123
937156
937176
937468
937492
937493
937638
937753
937773
938012
938096
938139
938172
938203
938363
938403
938516
938635
938785
938826
938902
939012
939024
939098
939191
939223
939230
939324
939337
939402
939513
939580
939600
939763
939781
939878
939920
940184
940202
940314
940378
940506
940552
940668
940722
940727
940799
940889
941052
941157
941192
941328
941355
941627
941655
941712
941720
941739
941787
941788
941816
941865
941956
942242
942305
942360
942435
942635
942726
942877
942885
942996
943046
943153
943230
943359
943465
943471
943860
943869
943893
943922
943984
944093
944145
944205
944341
944343
944408
944424
944434
944451
944569
944621
944627
944641
944996
945081
945174
945285
945305
945439
945470
945502
945510
945622
945967
946024
946211
946215
946296
946481
946492
946781
946789
946806
946869
946970
947009
947047
947117
947305
947355
947529
947545
947609
947800
947978
947983
948110
948186
948571
948577
948737
948796
948936
948996
949154
949201
949244
949296
949424
949494
949782
949880
950201
950217
950292
950512
950829
950868
950898
950923
951006
951007
951049
951118
951145
951150
951178
951200
951252
951323
951496
951624
951685
951695
951826
952117
952227
952235
952259
952263
952312
952384
952597
952600
952768
952787
952865
952955
953009
953097
953437
953523
953551
953770
953993
954058
954403
954507
954585
954671
954706
955051
955304
955336
955401
955510
955590
955626
955791
955898
955918
956217
956414
956513
956615
956693
957178
957460
957484
957633
957642
957698
957830
957861
957898
957981
958164
958210
958631
958689
958946
958994
959199
959256
959319
959625
959821
959841
959912
960143
960186
960359
960469
960598
960610
960654
960721
960771
960904
961127
961145
961478
961813
961995
962262
962411
962435
962652
962722
962770
962774
962865
962895
962938
963125
963440
963466
963492
963543
963978
964026
964112
964190
964446
964600
964851
964891
964895
964992
965011
965094
965235
965247
965351
965360
965489
965496
965590
965688
965719
965902
966015
966114
966168
966250
966262
966313
966403
966483
966749
966853
966896
966999
966999
967078
967444
967618
967765
967986
968110
968172
968178
968247
968454
968570
968852
968856
968880
968910
969121
969304
969333
969398
969488
969676
970053
970234
970238
970396
970487
970773
970830
970858
970903
971028
971156
971160
971189
971313
971350
971444
971552
971597
971657
972339
972392
972473
972502
972779
972915
972994
973089
973124
973135
973169
973198
973206
973215
973345
973459
973513
973588
973618
973658
973735
973926
974043
974199
974421
974551
974613
974690
974857
974871
975043
975107
975121
975168
975181
975466
975647
975759
975775
975850
976001
976056
976144
976197
976205
976229
976336
976341
976370
976385
976545
976675
976772
976778
976800
976817
976841
976918
976947
976988
977013
977021
977109
977109
977114
977277
977348
977424
977457
977680
977688
977939
977996
977998
978100
978161
978346
978515
978543
978807
978824
978987
979073
979423
979839
979857
979863
979933
980092
980151
980158
980173
980251
980277
980297
980446
980475
980489
980707
980733
980822
980950
980983
981061
981085
981580
981585
981659
981841
982124
982140
982153
982213
982224
982250
982330
982339
982348
982366
982487
982627
982755
983240
983259
983279
983368
983454
983462
983528
983852
983901
984007
984183
984236
984514
984571
984617
984628
984903
984992
985255
985320
985423
985528
985637
985770
985912
985923
985926
986000
986126
986358
986748
987022
987136
987177
987342
987527
987577
987853
988069
988083
988270
988406
988433
988452
988467
988652
988902
988955
988980
989149
989179
989211
989229
989261
989302
989343
989541
989552
989731
989937
989988
990009
990156
990254
990556
990598
990633
990844
990899
990975
991044
991181
991224
991380
991472
991673
991849
991889
991995
992046
992109
992249
992288
992307
992314
992332
992352
992572
992714
992851
992862
992925
993165
993317
993541
993618
993715
993952
994041
994173
994218
994723
994781
994790
994798
994903
994905
995078
995310
995434
995441
995573
995625
995890
995960
995969
996251
996319
996561
996648
996679
996780
996792
996883
996919
997025
997070
997363
997428
997553
997726
997757
998101
998170
998412
998799
999033
999107
999268
999307
999339
999349
999571
999723
999802
999832
999850
