388711
671523
279207
375390
247400
50722
499002
292450
113502
486347
90831
60945
270850
265038
921000
699696
100622
383309
924425
237431
716325
671884
53441
776506
796151
419750
277343
399178
562553
491931
768575
907122
175456
812453
64913
518617
989541
404485
658529
944434
552050
981085
312754
910885
320813
94597
254154
304451
842779
537834
597956
719925
837157
431764
796001
466724
48173
749593
408297
42888
812148
190825
707377
81566
988652
494464
381402
441973
887738
100098
772150
477820
769830
550242
767167
900551
671171
774371
426201
800298
394523
683190
873218
321854
512346
471953
220818
757035
31460
3354
822503
983368
152555
978346
440445
833973
119755
833034
26601
933079
525231
626091
378684
513799
365897
863160
869921
329089
44227
226727
305192
505750
329559
266379
510217
438927
474662
25618
310700
857918
811377
602329
826670
739669
899516
334376
319615
730212
765418
316437
682421
217594
46867
426809
34670
41255
124766
394868
153830
32749
584191
516855
705882
187411
10650
128790
510002
572591
566407
468674
175833
670179
65605
664402
938902
623439
331084
80589
137061
150469
740402
788816
679448
914484
824237
436780
711943
377092
116530
50857
497321
394845
779307
751583
753671
2061
898231
998101
793847
354758
671280
971313
576406
168937
357813
731700
162834
465216
989302
867031
423574
794738
595662
496424
520538
764804
19999
976385
375316
520458
912803
429658
760599
946215
473924
475442
467706
919616
352253
117099
797449
697480
202762
866645
938363
832085
62390
387933
698329
166802
603069
683935
591144
795878
361433
545629
871706
670333
808987
224130
452476
653336
111608
294984
353973
623907
296129
257963
728241
152836
221645
207576
165997
603814
100928
443038
244
874359
416191
29023
561606
900092
771917
893618
305256
441506
561068
677765
30983
135568
361894
125703
584750
742716
360804
877608
498875
437509
81142
479112
183182
299734
471172
848804
175662
735106
289712
384173
195222
572490
735020
355140
905710
360662
709394
291518
316593
576554
773403
498635
13319
331843
468864
522212
920563
94607
676564
330845
621075
82650
414694
976675
340770
292835
589759
897703
790574
23744
142556
445508
898004
47292
971657
575312
574172
593673
190159
818973
508633
74787
920454
202889
872145
965247
545925
689118
842520
288193
183347
507489
487540
13336
181533
633739
103896
275193
169337
787807
281471
132354
590218
80496
48606
746588
603758
761397
635108
787955
688871
460533
321291
606731
177438
400506
269398
833385
3498
708823
643264
359938
842216
861902
169673
976205
671123
193733
964446
585182
384820
780735
679309
754452
196919
785353
884770
491809
384749
361557
281531
298089
904612
971350
664888
545971
212817
264328
105205
525658
410965
690506
219173
631659
211011
339447
221802
852618
77336
993715
701062
132234
857173
538879
357379
10064
726851
216938
650846
668350
693115
323757
509550
553046
418332
458281
197665
649180
911122
742292
519149
258204
488298
849388
875050
219572
17782
92839
594767
367711
241592
528721
526534
670367
959841
295873
418239
250205
175641
228437
487026
36304
20020
884930
93059
677744
63944
312403
605452
293233
753785
294294
87683
936802
85630
667507
575379
199247
101596
433483
99869
426541
713310
344386
191410
589505
911225
456599
935564
955898
86198
441182
804488
884833
858501
524231
110332
337665
270908
972994
517449
223253
131916
943046
781262
644130
376607
946492
103794
140096
55660
804657
188412
510831
747462
661326
84796
844832
862457
630593
10631
430611
890105
977021
82522
544417
17168
320617
149486
293564
899366
919475
45593
693316
562839
496635
624932
608984
279740
472230
167009
170687
692335
946024
711013
379185
131350
502566
448473
81451
767542
522086
984992
536927
541480
939513
967765
925791
825652
984236
208253
425225
255352
285228
676778
279739
713674
537280
66738
116844
220318
231387
816555
442476
425370
777511
777939
840117
649118
680169
798102
163469
284784
584233
867461
973345
646142
329494
902834
717513
230672
33122
723890
561496
836169
228545
159323
769349
651973
445459
315260
555964
726638
169808
92666
965590
211902
916728
723769
293913
733361
994905
545348
477337
549159
529877
623022
928412
474541
599488
735045
392058
945174
748529
896487
172357
218890
767261
120982
691876
18985
418595
333535
635528
522106
297940
621031
67067
239565
56714
380281
414604
136741
422291
750088
57972
876604
608003
925033
326035
977939
214845
253240
566838
656135
750253
838343
916569
493484
869523
263014
391606
59073
681425
54095
258026
851766
514581
7144
550908
900430
907321
93290
702107
436073
482464
584369
949201
669277
266120
426212
267957
751737
337365
531749
449920
598210
238249
290286
638748
166818
895558
869308
540950
931089
617667
387193
275281
976918
827912
245689
400581
821369
209616
482560
477585
88742
330361
893864
647698
274638
138400
599520
579269
593611
838951
937753
403937
478685
175619
122455
215843
454120
591579
922355
179627
982330
617312
360253
216480
727257
298218
522955
629795
933594
800353
864638
200952
447835
988069
849955
843200
322064
495832
589889
345265
696767
247467
251795
559382
83696
783353
79399
786991
100761
90657
473468
165065
141616
252321
631257
135335
872753
996251
811332
599520
476421
497365
918877
777952
41688
414603
149668
804415
187577
479578
338175
903754
597399
696524
116446
651491
668043
137542
126578
927958
348821
833120
765132
510990
220320
938012
296434
352709
264924
332134
661401
523166
670025
838811
412477
787569
483476
38507
341785
615845
781749
608828
426600
586119
223170
6002
941157
719090
756598
827224
67444
557269
486152
264318
541299
38357
317510
643340
629932
812691
45386
277034
242867
95875
85525
380732
721481
918511
174562
723683
117604
913813
409825
66891
949494
490255
498404
714441
460806
428634
965351
393979
82796
562835
70020
180142
898221
681896
171858
853801
909650
447448
379990
241015
191032
796294
379595
606947
340631
400947
659300
775814
181871
598961
231504
1351
835353
224395
511151
716985
730759
365834
515330
502051
64356
50631
27547
503532
904535
870898
636857
634973
162291
289711
863808
577447
431414
955051
227866
586892
482997
499295
392673
446346
508878
359595
656860
380818
124273
910372
628302
634849
707505
9607
228162
956513
84964
643820
958946
132275
767546
654317
188807
502650
88183
169144
338718
737384
933974
926992
282134
719520
53508
772139
516389
170028
854268
74766
974043
483587
994173
80412
551703
662725
767677
55442
578740
418503
50995
564192
682436
708970
959912
384642
526807
843142
35030
343893
182636
546763
902042
82523
590773
468125
84723
291297
658473
412475
343685
476780
307358
117258
331350
771286
869187
945439
390126
822934
907218
450447
741072
560312
768015
495522
753285
732734
304119
955918
798821
261070
545658
43532
448040
754811
914930
837898
199818
953993
155662
368471
319251
716284
995441
995434
618146
489196
10711
369095
35285
713654
22857
479993
838864
163068
462135
321802
436055
855494
871393
693992
68469
259704
416594
233731
645235
608962
939012
538228
401639
363318
481712
334976
90541
333496
71076
106543
970903
454280
894341
478113
333300
604896
69603
747651
747620
768570
867739
358548
90508
976841
328770
613497
657105
53157
547938
276908
972339
948796
246991
766868
177963
249385
81337
122682
202361
28269
234231
937773
542008
263081
543563
815423
912783
81497
299477
338943
925144
719955
180913
882770
384761
848997
877912
600752
704420
426298
526168
426872
458864
31942
857305
702179
926418
56870
839926
350577
689133
28454
100893
741710
665465
226177
684768
785373
511400
861511
329998
942305
149413
557393
8553
110281
2736
234911
603402
459218
98643
403956
866678
803886
676883
859232
169550
117194
76194
108497
537143
700793
669626
468557
131682
367401
599351
709196
341030
758453
831078
606189
422083
610608
44670
289376
787059
332384
399145
991889
973198
987342
137988
933408
16509
527081
838909
979839
671803
999033
123898
541232
404595
677511
562853
149530
306966
165515
914214
782938
622725
821423
304808
125049
401207
970053
707806
715486
64511
589544
496660
777054
344483
161690
976800
570349
874039
801057
355642
505528
335365
677114
159493
393377
617536
286243
504581
553620
948186
104962
862768
411727
343943
641319
726432
513170
902308
600571
391242
863168
91042
770431
272220
714509
587835
211008
850531
356061
87410
649446
305462
746832
783900
195435
72648
264444
234663
300618
153232
122785
749274
212232
941328
965011
887559
570918
219706
772142
390432
551712
511398
309014
707617
436131
484058
789298
312377
888144
358752
790411
144825
871801
573898
801842
399754
745062
946481
601726
814567
496770
963492
265631
145563
113523
179560
525989
779397
870363
955401
415907
471045
37874
243698
277187
469252
846786
91642
276443
487253
651793
724012
303511
554325
510962
130938
239445
170933
169161
126547
853826
244748
945081
868396
485911
691232
241503
650783
905277
741057
95269
813711
707498
798159
420117
648330
114517
342832
820187
646962
188329
466606
528505
973089
942635
496993
404047
855277
506880
995890
960359
677056
595378
886450
488026
46313
571149
424513
496506
697514
451420
9874
946296
596885
871411
283016
500876
579474
332872
573689
234916
634605
452931
448076
996561
773377
303631
686209
811031
209287
999307
482262
191591
922496
543133
568613
506894
805063
131458
336640
558477
200337
814412
768195
401543
173623
919785
276799
429532
971160
659281
400719
227687
46685
465888
884791
254027
312927
449282
10623
461867
121276
607057
32894
263521
250274
202484
606931
208740
581116
311303
233614
834839
34872
67924
185625
858489
49795
461113
822415
168128
980733
362053
303128
861222
242469
706251
622021
267760
478999
804970
521422
559825
590655
356016
417200
980950
825942
73781
316225
229747
965496
992314
324308
205291
572229
589911
265498
741278
813378
518203
710543
841806
687344
303820
931573
925994
682631
144986
723879
356055
892235
333628
777094
154630
91273
36718
94390
685001
363045
488807
112842
212775
285270
891968
170130
931606
213375
9884
180286
891154
761683
269621
984007
895955
793661
77697
657225
189313
400611
335698
14948
754608
464912
933815
303413
659355
678943
743806
224170
626691
199453
904051
466485
853026
816202
336123
361781
456283
169515
713248
103513
245922
731357
536495
243450
151289
97951
51553
996792
921975
609132
481792
286395
152297
724844
829615
940799
910044
408446
777920
508495
775129
743490
568626
525820
102121
535280
763146
728555
649061
966999
71972
919255
486290
765761
982153
392721
587034
348407
841131
160184
942242
304025
862042
131445
33682
914107
75327
287515
108209
300154
118697
419442
86954
76391
837049
887335
315367
383657
236359
189829
549446
379254
755757
890149
550011
824792
248556
209993
97332
679788
704287
350915
101905
225119
649377
566635
608107
893032
17843
582069
105160
227644
909000
148199
26095
111042
114642
595728
373934
98856
463341
826699
253351
323273
249383
458770
420628
512009
470411
127508
453044
307873
2020
279578
505638
255479
656103
408297
858731
827740
377903
135035
745241
480675
827374
509647
853229
609294
819522
751936
609507
716004
498248
867289
694449
37118
262906
574232
369356
48366
195257
683772
411866
143277
975181
845170
889077
614785
374843
848030
389669
807012
965360
807226
915826
164560
19974
954585
551007
997757
70125
703718
272611
611278
194246
150300
253632
76582
864094
277646
537141
515829
474428
707350
270986
528366
337431
202983
893469
840251
941865
151085
390354
4231
432487
636883
941712
362004
443884
498440
690574
188852
708905
814512
232980
231066
679418
401741
738011
115993
163880
455462
975647
801167
794279
649079
292035
216251
653017
889406
176754
802122
377233
426155
687955
890404
560744
767307
724024
81220
734680
328150
53779
893262
358149
127007
537917
421302
289287
226059
211786
258904
661115
28413
457669
242613
222956
589089
163601
310019
423427
14228
875657
265955
679195
952955
742150
317612
715323
82480
281903
636417
985912
283230
502710
963125
78396
66710
565428
25037
563698
495367
23979
592481
572562
165653
419688
802753
795422
266264
893557
111109
78787
475935
467966
677609
317475
309422
549600
221148
494696
280807
62588
899125
202881
677009
919776
661435
181651
370243
248458
42370
521529
42507
546589
805797
393427
432201
638266
416189
324812
51357
668971
440591
574662
624164
168411
525124
63039
215148
731537
636239
170579
479447
270924
555620
682281
97292
430164
963978
380856
747097
540383
188477
459
562877
109621
428462
449501
813845
973169
728148
41712
752877
209280
505658
651595
318202
248660
908381
264589
464926
645303
918022
131332
353173
939098
646785
819301
409663
605492
504766
394177
473588
958994
249719
140126
633952
490527
77227
131948
714605
639577
398802
843467
664632
664312
441949
216781
178902
775634
693480
431049
249225
82607
119534
677687
525456
300268
373743
977013
893347
907004
296343
445497
924615
31892
853812
921914
475926
416741
28105
885912
190099
176523
367445
482718
941627
597276
837892
982250
769941
176324
44236
645987
103747
512636
753263
31591
670353
157359
980277
553626
282834
307953
719867
275843
467454
122957
174389
168710
655065
699319
773701
293282
127812
134065
563118
557408
223180
279911
581478
78741
380967
487437
6006
213372
111856
788832
206214
988467
380598
43532
562204
996679
550674
924203
561190
240475
327679
10436
773521
75642
591893
947529
521701
460287
214519
70347
962652
938096
36528
190715
100227
137040
35847
630953
288960
630084
538879
182786
670783
474809
901561
362421
969676
722145
481527
647516
671468
990156
781039
15589
211996
586902
374656
821951
236116
65903
435640
675774
318916
93958
416855
927561
865711
591513
833452
745454
682683
738902
44781
595019
845969
997553
227898
485456
957460
992249
528553
284926
332826
223150
73951
68811
411583
830570
538839
186241
355390
197551
39081
37852
181692
430251
570001
859868
929443
565633
641967
227819
902234
42251
145479
124920
575531
861084
619619
926662
787891
730969
901467
556967
273994
315052
325305
841251
81441
425308
666460
787486
863477
105229
920821
445024
966999
298991
446548
297360
782302
457190
547587
618245
572796
954507
161359
144357
766455
454897
778598
739466
150581
778732
318772
967618
93035
219391
20438
430224
957642
310036
26306
481791
90162
841953
494880
989988
388503
721561
316074
164888
832727
533642
355079
73917
52173
306986
51728
697427
177291
230416
706933
155148
133641
410804
134657
544926
482537
406351
395384
630315
877076
955590
483624
387035
601834
257140
795727
834779
394264
585769
418578
653037
54221
712186
396618
788747
556051
689719
343373
12527
134462
458421
31430
742539
340149
608929
751994
225805
650110
202158
821246
764072
277015
57880
606351
640616
64690
319274
973459
198854
469782
882465
598567
522242
290390
221043
93674
836422
596013
221533
755395
139404
343859
326940
170696
215273
286481
770136
587178
226328
223697
502763
688254
76111
601026
457166
637385
289311
489384
326169
890883
311227
846377
817404
904426
672632
543831
162927
178534
65405
686928
780582
412958
794309
182022
913224
541213
319318
32498
451584
126571
676376
274773
633402
361879
940668
424962
442308
248787
210000
536444
752946
605653
387138
282572
650072
447642
731635
898235
627456
902925
33002
762146
572085
127743
546561
503580
733181
597229
531794
849531
993541
502575
30564
919228
980092
15662
731267
37078
359175
756218
166261
418528
528179
334970
909722
739680
774360
386716
330709
762519
643930
79553
764703
794802
743740
732808
638335
515096
429083
842734
794920
185714
892656
259868
306924
431714
899174
792830
466488
95998
209529
595410
434040
914206
434957
704239
645276
10557
197125
287981
553769
546862
496864
748521
327832
777900
688343
640667
609356
475408
580782
671335
796739
89988
477968
178400
159944
437409
504208
67881
788232
201688
381321
459341
814372
20836
15703
784263
11321
783218
577973
1975
168034
957861
785302
68502
611389
232008
486415
543837
331322
306604
976197
206528
588501
944343
102644
58178
261888
129189
553026
378545
542691
927112
579922
815089
405368
214758
699372
171898
717886
893371
245144
880413
469132
830707
784196
83682
63187
240048
542993
291219
760988
799233
529534
139259
769722
70814
741776
497723
46004
120456
428496
394684
718691
511983
238013
750176
250532
738216
670091
40275
572882
390506
507237
780347
96221
555682
679064
868859
351972
158652
307263
542479
663468
691973
447053
221485
399138
516459
493105
388578
478981
961478
608625
299659
980446
713049
796889
534730
558659
214014
348901
636551
351072
915968
384851
679569
717396
306127
499092
483801
741991
805852
204732
342573
740566
485623
77402
706378
182974
532577
264886
498024
836241
827119
301964
137945
6309
617152
424336
933631
119551
895096
773258
650340
933163
109868
776920
244927
133277
989149
82337
347932
60174
215557
610975
489000
334737
730851
467071
372112
154237
96946
625153
878540
722714
296129
614987
89001
114773
737900
966483
481203
851488
408283
973513
587269
347357
10304
401364
396925
42932
991181
550761
94000
607321
514837
461509
446144
350679
527346
253198
286421
437560
582288
297997
529493
176579
916580
977114
850799
975168
817098
915696
81666
342452
378861
510046
601235
785246
703225
146078
632592
9131
898827
395042
372959
318597
548000
670467
84780
407405
420699
750244
91389
43838
768646
457522
43662
31931
208495
951252
647017
905328
799086
965235
537952
75415
914927
850968
669239
369750
419986
755033
174180
520560
761516
498135
270789
791947
184329
264621
815223
806399
123670
763863
796001
858153
963440
135393
190047
864416
267602
142732
57326
796497
850659
582841
192392
940184
84930
72299
801454
874913
766900
774144
69237
60427
193720
526996
420681
599669
542537
464225
349659
793468
872587
553057
513053
54129
825847
180686
537488
354634
434185
772215
408583
525822
792061
128961
10136
433854
723194
937492
994218
493724
631877
631215
950898
682138
212254
395181
500080
582171
384336
699928
536296
908994
900458
222284
653237
475960
566031
732484
592281
989261
431191
584055
532968
200909
113674
278851
387348
756094
579033
776848
109855
729621
938826
271510
927604
715024
325005
740964
595064
557227
887656
608883
569462
415832
629862
763037
277664
79666
325595
400700
513413
893046
801292
640103
342025
222713
929294
436681
590533
300121
397800
531430
383146
122415
35395
376426
568814
592620
732733
579586
470968
933453
743242
971597
152184
875345
557735
722059
915063
942435
709443
223415
70762
414477
446684
116560
292113
284434
906815
482448
586139
427561
573449
939024
539613
461255
439875
346982
735160
34655
472495
256647
77002
498287
295657
455157
89556
246622
944145
737169
564792
887965
493675
353879
375417
601700
88270
907240
734897
847307
934697
388062
111682
526489
480839
239986
931918
447239
71162
184917
327130
116770
239676
397596
302709
805393
600586
108656
978100
563340
85351
647652
90039
357737
772946
507125
32491
243034
667324
410513
491104
294431
446670
414380
20905
799242
227010
212059
683673
253337
602062
353653
650072
825896
152669
831506
452326
876858
981061
620422
313531
269119
614020
476956
935508
686905
55844
202039
915346
645526
823884
454272
122352
375321
185693
322165
328068
160084
391361
357766
148918
918769
567581
67948
935060
451573
629097
770226
410564
277701
847582
79918
227230
293132
363811
945967
304761
234884
705196
870218
743210
359062
589505
26371
131379
49857
125413
718308
325546
849575
803949
241820
719141
870066
931654
923728
876955
92999
436763
732957
352371
766047
822758
288184
178758
738751
528187
663363
719017
191089
801293
221869
419805
70923
62100
917549
287422
745664
317793
532698
220724
975850
833022
136591
58883
766040
6317
194158
694079
97265
959625
870534
970396
582446
808258
28030
279677
718382
101075
68515
124761
345750
400133
127599
549427
65128
722420
245914
895302
176691
265804
286431
787952
804550
76225
665062
148282
426074
709005
916342
596745
977424
341422
242928
210593
454656
405526
67777
992572
69993
804889
144069
428840
948571
575811
998412
432341
534607
272703
884414
601218
234474
675554
68124
884942
843049
391938
720231
361775
194772
271925
185951
29655
193853
369155
87552
408735
444496
50965
385490
817286
232991
815773
952263
585440
777017
628847
779565
619429
343330
914477
291921
980707
120533
73834
636126
869959
967078
573118
225973
135599
901696
834130
293252
107291
635063
848878
416552
371542
35750
707627
798965
763770
84520
281407
160537
359344
943359
73650
618867
887743
362600
487077
432198
92385
715029
35317
693798
813531
301855
601048
372639
422996
757450
19010
663251
271953
564680
15870
310282
892018
314251
885679
789746
527239
366514
404761
159515
721319
370950
144366
13430
252469
288248
526294
89941
762369
9855
771257
976817
629579
13332
138911
953009
621121
978161
38869
668606
855280
411878
572345
550252
282808
88886
241090
988980
376655
393956
177818
140168
248337
168091
43728
355763
645960
822227
586027
368210
390666
900835
907614
910118
411561
57637
717526
193534
950201
457722
183724
930216
313773
54555
409696
166645
566509
530215
209703
790643
617460
160921
723980
600834
335289
895962
727303
513252
427606
412824
569189
141363
946789
972779
534964
722179
575362
738958
554576
973926
96101
930268
423395
165846
686072
761857
169915
143549
81368
188024
621904
976144
586021
955791
899738
7873
442264
396550
752576
749869
690535
282845
139734
757378
370922
813409
278800
871129
595226
692375
740768
461638
33988
881311
129669
379603
33240
918463
577901
843516
75722
259373
930727
976336
302020
343884
638185
140221
728985
970234
243642
363263
120638
194458
578320
118290
218404
99953
724345
642914
108066
341828
159630
347862
523147
4456
324750
479969
84466
556620
828251
525760
296050
904831
797517
325626
141761
637526
894059
766939
851369
569083
627101
139323
295349
940506
543503
274533
200094
103386
285280
801798
581114
94058
264133
794920
365414
281062
564562
264986
409906
830335
316251
365206
406331
383979
636229
864893
386755
259043
16594
784806
4404
996648
726180
535359
397008
789059
621224
469921
503042
166373
889364
347788
496159
647209
531713
298345
281431
373997
318277
101624
397395
452864
553719
177608
312006
783554
307327
830005
473083
731511
683302
40427
321003
733472
228766
310673
953551
987022
53464
489621
102628
952384
15245
422395
147909
325430
228331
173134
884975
102802
141080
45871
68523
342529
129080
189728
896267
157615
583839
597144
616305
75934
591115
794729
458631
153501
629613
195646
711218
36140
659872
843704
953097
399492
627424
966749
344335
511022
311504
250366
562572
138120
279528
863894
168993
553645
666110
815350
107762
11483
797984
978515
730350
512751
308073
281135
762726
23151
526186
417241
684009
835051
83845
892247
235001
269726
36556
222707
870376
705984
901350
547405
796441
422403
386757
91162
570835
173164
6636
517339
101081
100064
572629
147757
766764
388899
418306
856838
185830
307951
58750
389353
504796
847176
482537
913247
74302
871676
97860
619195
577311
612856
618771
56690
160139
620150
748246
304485
475107
822705
57563
76918
565962
507967
402901
564994
333744
374470
496479
627755
415821
175260
884424
165751
446272
797331
154956
292334
892931
817143
835220
488641
356715
559207
339426
868270
556596
520603
506776
146180
118760
333092
345325
483191
976545
508377
443123
773868
463945
724152
738246
604134
162930
585058
568235
175443
300514
66576
740489
352098
557564
162824
53637
767556
97821
378508
945510
161522
81893
512402
564615
294661
679772
665382
93602
841118
516025
58659
804516
971444
313556
620749
744036
673584
567976
699790
187696
859758
235665
155737
465301
461305
360780
81329
529161
226301
494332
951685
697043
881294
616232
156999
75887
278179
167892
245133
257712
27817
666743
683534
664085
807410
108371
201257
753480
960610
962770
71997
465382
508570
501058
433468
713766
689778
82180
239078
342706
189795
468709
966403
884071
149917
894115
179079
291171
166788
976947
868590
819635
12195
329007
810323
320677
212096
714169
779384
581512
950868
107202
710154
432995
49640
886092
83170
599149
716890
681073
357101
67762
942726
54017
691363
639956
830220
176417
265794
816868
265793
992046
165493
571897
399754
150671
517571
404477
91810
713499
758547
257682
373665
826733
846121
753968
355096
322845
442473
104659
535162
951118
170213
169087
774312
657009
9324
395169
692123
561137
596420
178198
12758
138352
225346
952117
824991
806963
792793
606032
573677
161882
78110
583164
219581
536811
376761
851545
910215
774132
530121
237700
484556
728012
35367
661781
323089
873799
552018
106257
510472
249916
43952
252111
416239
342292
939763
938403
843819
302177
407524
616090
881481
402379
555503
173900
785958
709443
59175
823422
268694
990009
944569
37841
805400
624009
157306
312678
451972
78220
161387
934453
220461
12290
340970
104252
5786
694275
339999
728303
141187
753992
765266
425048
499284
544261
490574
337308
530460
233923
186717
464881
300637
603538
413416
836730
101572
437875
588362
615609
685192
922012
841722
803408
903811
147405
450742
303037
272730
606987
764291
66177
181583
228936
405105
292475
262791
888896
884169
449562
659196
401036
732815
911437
153836
472524
689015
394005
596014
510495
461782
900738
327490
814055
324604
711578
739584
903643
307760
254413
611803
210146
176870
504964
802663
333324
270472
286777
106221
364120
569987
921438
29905
760690
106868
705557
10235
895054
262940
340931
790599
764
846422
525923
259723
836221
64672
225616
178644
164762
313054
620720
31090
826082
133127
214756
286858
221992
888324
240013
505620
779321
54437
244234
506580
825018
106506
14665
246078
629855
298664
343240
102711
192773
385950
156490
875840
210070
328802
197538
583014
259754
40298
17985
89930
265750
908448
773113
345699
609482
881291
735730
169399
591219
623894
549401
917529
939191
503585
289701
957898
384856
681098
632407
830999
870946
781795
762662
714387
450987
459256
441777
203176
795084
882215
648955
775519
257924
365756
472043
567740
315335
281058
295876
283852
73345
699075
530204
506674
256673
193306
422860
194417
810452
987527
854462
118883
292035
312613
135511
536695
240378
976778
596000
111819
852724
570263
144664
948996
829178
437186
568186
14241
63030
370607
781021
365505
644799
722078
410600
361689
913098
112448
384364
431114
36543
3993
484259
75752
45419
522077
80523
585542
166841
498651
565788
273047
879827
7712
862981
15582
741176
784283
265835
872424
31652
931065
923760
467195
415570
867128
708827
231396
254914
613244
72684
253567
826010
614437
548991
948936
706083
909300
476665
332709
174306
983462
115827
730687
536902
645253
427290
733670
155490
870049
402250
742454
766186
135799
737716
22206
116414
101169
206457
106490
631716
90098
482325
931503
959199
62124
210299
732226
519512
614206
870260
700044
813859
897127
189614
608493
860667
298672
887565
314120
226226
903158
680376
808076
169017
361270
536048
21129
906484
364866
366409
770965
408660
518647
240701
516860
565255
781128
103464
148051
842189
177476
692589
647558
787189
105155
565842
335874
328339
983259
211886
623946
23020
399232
465910
342842
501235
13512
237855
187977
273955
42780
982366
641781
14318
152465
982224
842778
701401
76014
292284
528157
695468
380038
787374
310915
14741
771893
235390
135461
338177
103821
519407
24329
705365
427105
576962
647540
389900
934336
87720
892913
821477
580183
256703
934883
944205
961145
54214
34921
980158
145067
282313
197324
569221
712735
941816
162019
978987
55297
939402
51613
993618
100112
517158
349143
49695
273970
285862
386042
985423
326975
395837
135669
76422
951624
895765
438679
879756
256002
39780
195246
254680
840965
138662
531879
587547
985528
886629
378468
655226
6904
661221
182710
118306
887170
413263
290758
228328
720421
508780
95283
857915
86810
968247
89263
497523
501240
98576
354196
408549
544222
511497
67709
482356
33527
770014
555222
651159
335346
219642
448523
462798
162389
594466
966250
456680
974421
417672
831864
780427
159899
552377
374984
282564
603075
129376
94650
194887
177489
770655
41166
326082
756286
508651
527193
350076
185373
497688
724561
577154
141793
399176
280144
521645
100411
672648
480026
204546
455807
225058
723680
519334
907447
814609
637206
13915
565509
123811
413244
743804
400189
105640
880592
547623
816872
501125
321106
584073
834011
13844
951496
444407
15531
628670
992925
362460
593268
540285
567348
545231
676880
458603
638056
546499
286231
597441
911872
156816
412628
290802
602364
43670
954058
356649
412150
145497
553112
503124
443998
855902
406181
301926
369779
760952
676343
772011
344509
631456
684321
768365
551496
580598
143370
958631
456327
484525
237958
476430
302233
531673
893631
641818
591069
63326
362634
280665
766958
663227
281677
145500
507741
170818
400256
720248
754704
743140
363136
688562
69172
825667
928680
18599
620779
214955
677241
713182
36729
488778
329841
857708
448010
781698
489159
905012
211277
951323
609540
327443
306607
810203
769776
126044
781678
669915
920707
940722
271932
598131
691467
342888
960904
898491
398242
812227
221839
43914
439568
906104
918197
618018
244066
846988
105110
525294
335599
92593
478382
599700
872448
539517
401309
212641
316058
753432
809844
995625
494042
526017
587331
432737
805421
566495
552162
168766
677343
125976
891858
102302
139102
31111
872627
40328
104159
261169
581046
369362
556537
690484
874185
476588
72941
467520
236608
235816
8389
525857
487909
723125
110244
443028
731593
475324
878892
367797
688936
95431
926637
809251
868622
647011
728102
713367
781185
295365
589641
503806
571221
349108
617065
618987
51337
407359
684450
392182
793986
209381
527387
861447
974199
287388
248991
790820
628172
796066
720708
636618
826821
121380
775662
107811
802687
173668
233223
999107
520355
207872
933545
527988
912429
717335
987853
992109
982487
745205
89935
11059
764624
224400
400725
705008
312815
788483
860683
555611
752080
689741
495269
349441
170551
887138
67542
154916
118120
161756
976229
662155
980983
974871
108031
455311
713658
925475
890324
857632
446933
549247
666452
558924
625830
168359
299313
13881
992352
173889
506316
207463
794620
814021
608431
989343
655491
895332
27623
14885
916963
431486
19751
518203
875003
999339
607270
994903
946806
723423
803882
933886
646793
768652
993165
792710
843141
585873
849623
984628
106564
191149
886110
808092
334738
127180
221555
775934
906893
718183
858654
511022
49170
575169
971552
503861
717138
81034
180887
827979
745004
112991
471501
189834
936742
628927
116461
869140
354449
224050
233638
480008
741109
257031
852389
556287
123596
430406
424154
966853
501390
968856
962774
247921
859586
974551
195104
141864
581608
113833
812627
589065
621027
12104
904981
285940
898481
210974
172060
179082
906817
26703
373734
778311
690050
128874
325296
113499
806744
802993
143486
51857
580491
68558
924904
207381
596871
996919
288075
81819
900540
650365
121944
788971
976772
609478
844623
447902
371326
525864
440801
239376
460026
917524
202369
543233
878583
164227
364033
547942
650670
566496
111628
123818
285579
794621
543039
471819
195076
127230
827661
717704
716337
929936
601462
111816
749909
83662
8798
219450
497751
719521
735455
60352
283200
936531
368211
30250
312854
543478
820276
394065
493734
395809
686000
344713
460153
667751
788592
951007
785006
10026
180917
914041
280067
600163
88308
7411
848509
691466
460216
950292
840134
930545
513335
250893
214964
283395
319442
627937
298155
246015
225704
540487
66417
243329
331223
795285
126090
942877
913601
125311
556492
470748
621004
453997
435175
358632
839983
979863
43510
61033
466508
600925
302844
681575
903029
700229
438732
266096
315021
566252
648191
808729
829889
392398
467415
988083
532971
773582
954403
63665
331282
313818
320633
931595
802463
519758
661167
870662
497847
546285
377915
430357
167831
763303
501180
796493
449834
313170
659692
825853
701864
12419
292131
341638
667273
439954
151568
538696
719008
483341
452554
410050
955304
140539
432139
335384
248783
642452
435390
766922
861491
670697
587991
376606
446489
806713
594679
979933
980297
622340
472181
30019
394285
243397
749542
863085
669112
841957
290482
515187
332964
288298
12977
974857
885889
23701
895539
359752
811797
731701
11501
902814
857044
977688
308189
744214
59569
391738
203455
206136
322217
291143
423057
177948
522413
357788
481939
671762
324832
576373
171128
181041
27767
932668
949154
691783
952597
411775
635354
728614
561730
994041
744871
182025
957633
382467
562468
88874
170774
216126
753321
201536
531989
813222
929655
320350
705857
212521
988270
393974
965719
545782
946781
807765
608611
607402
416951
303601
203517
490208
484029
229022
882558
154421
255849
518909
296474
586137
744705
630038
403862
351405
191524
113132
154973
511890
23449
574109
747264
75197
851805
220425
81618
937156
240654
219557
65572
475597
174444
60717
673135
270015
261722
464621
91444
984514
667127
395909
168640
49159
790534
775608
888265
896677
391168
620633
124790
185925
573381
187366
948737
676129
494177
618178
399839
456046
895755
761957
849622
806419
899896
977998
285773
665302
902617
509421
734784
321266
104010
392500
289941
433131
150171
770232
275232
940727
409408
983528
294213
565339
264719
159877
884494
733182
25069
460721
276620
734901
663955
860781
467767
502861
458263
749441
876713
678333
52035
685296
127313
338569
876092
134813
27073
989552
310459
163869
205143
594915
59868
183530
14037
833954
598875
869580
287163
377538
724419
134052
35326
923565
197401
899123
738388
533290
166515
430349
815694
655304
733310
803159
977109
24184
470304
497949
780099
779218
599493
302873
666180
101272
701476
618437
585788
41180
730039
265082
755260
145334
611750
32267
768116
500130
749598
554738
904381
981580
98471
588280
122739
712638
705822
657560
189021
542639
131714
722740
785881
569757
616492
328129
827769
296795
787217
380348
905517
292420
57652
527104
791314
486278
257853
63342
168123
267021
162304
326658
492861
619817
829376
989229
941655
433398
226683
626676
417064
219612
580952
984571
473115
401521
281138
986748
575366
372388
681887
307107
358545
444615
135534
402244
206504
104259
39391
622932
238805
464336
196521
650927
573062
197120
848711
596966
397115
830176
809821
355792
936810
839806
570561
323329
728376
386441
197214
122110
214558
692156
913813
257941
702585
820082
405119
817935
760360
721251
433359
545555
469473
860043
291971
842405
239423
774840
608256
113426
272036
39991
438049
702147
528823
335295
332667
350562
265924
438593
754383
203639
970858
147148
643144
255121
545981
153404
793501
127994
281052
831120
48651
407670
904820
759311
303414
322839
992307
952235
694572
997428
634994
76890
261589
915234
459693
648633
749768
700292
878271
992851
942360
334208
323643
870348
717493
588741
901565
650363
929513
87945
973215
176096
272284
913605
420102
205527
142208
848294
794543
74424
524486
823346
257635
962411
759066
259871
445217
799605
662096
358324
345843
773305
394035
566329
782363
474686
297623
629265
492783
666760
510721
840342
255983
479902
553897
621481
210821
65659
168799
817003
222105
861714
267136
251715
909692
773134
225783
888143
73020
581742
59845
648713
661300
564234
925513
390703
659240
539945
947609
815099
848123
596865
365750
524007
588187
705149
33426
982213
7316
291833
175314
43794
823936
674751
481466
60793
769048
235488
169231
153930
684621
23692
43292
594505
454331
740768
903979
870186
336618
274804
275990
554788
319966
168816
397175
802503
612998
945285
277275
269035
503559
437890
759854
20548
546959
625382
962722
830218
169813
56147
291673
832646
228875
43865
231556
827328
368208
147151
467754
932557
405327
708442
657051
603722
688421
677209
328590
40000
226263
752157
837615
373448
356045
119207
991472
994790
223791
724146
610844
220588
773172
393828
787185
493319
182432
187201
2252
928520
693177
453981
432633
486254
468655
297254
65092
494591
791423
714090
731668
134306
786191
197220
334527
962435
121639
203593
113949
54055
73920
118486
823428
961127
936649
857106
927345
272948
971156
367587
746732
844619
673718
169285
842907
86291
251730
990633
175234
777137
645375
376900
988955
734352
651297
938172
247506
909599
66483
894287
786102
405741
37108
34956
799451
310129
19463
813565
361997
59401
391377
189138
114610
401100
61589
403543
155490
242711
616528
821550
613947
118170
243856
542590
817312
976056
418907
798971
423889
470936
464757
898921
247985
518039
785174
256668
447019
217773
805380
75152
760408
711179
228125
834313
79430
449449
126717
618069
42835
780433
273616
767979
642296
341252
492071
327600
821012
695621
235808
166214
591367
950512
746964
537811
752186
649661
176955
309588
834007
155962
411833
793191
590321
397620
219173
161041
255701
470708
618952
264996
598072
862155
524104
601346
555264
173407
490591
414456
375861
267690
440896
301788
244341
220124
935276
669607
965902
721352
329305
96040
496057
397031
702415
621648
604429
423160
945502
79752
512894
920417
57359
303467
57481
444267
706576
579504
940378
424133
715640
738270
393420
66995
667456
447265
8247
58968
181118
438869
167496
470411
529699
77440
479329
718043
889870
356058
547093
776522
946211
89247
728366
336658
110878
565845
663572
249926
192746
272448
384183
581402
10400
478371
850195
577186
343087
771362
332532
407632
618787
93179
775942
841379
377122
76113
328705
48673
675031
346390
660590
762689
321254
662808
220540
5464
332545
741161
83227
648064
348133
585283
119669
158499
790857
656419
47358
860203
908693
883865
481934
455291
851432
483269
789276
327778
640251
388852
777825
731981
749825
66008
536413
457953
499493
273870
425619
641811
4374
406529
760800
539194
866640
953523
214623
28381
9942
383917
568818
939580
739546
375004
26508
439297
163048
379945
369307
115142
518050
104098
59870
69652
721878
459494
247663
288288
42890
413007
939600
867245
510440
364081
909646
411745
73526
304400
778047
252704
191896
291067
551755
33508
710650
725685
223630
467198
109612
112178
358212
827318
420254
15033
70157
278596
78171
662251
581664
430119
879757
193882
88776
73276
843151
153445
622131
24951
389637
830047
604055
10144
404495
215727
150098
123912
311400
45510
76311
685713
589132
648779
957178
564399
485233
632996
487995
366966
111428
584170
386420
89388
984617
251663
676656
510016
365225
398123
821442
654840
289367
163897
925826
867305
484656
63995
491994
251456
897076
844539
591426
166771
203106
740689
552637
531172
904898
386011
312992
887712
121775
145197
146091
177090
161016
618843
825436
669401
164643
3001
529318
178265
416088
655733
62302
456009
586413
271435
810568
486284
141022
255127
767697
797837
426338
273122
485584
389481
188772
339375
392149
551169
863658
540045
856944
442626
655244
16338
95813
322150
427930
648752
762577
916771
58639
129177
189589
678314
230269
320230
818863
184760
489198
684341
284486
280448
797769
512342
556639
587925
189003
327922
212353
379408
213804
268664
232918
17329
319694
330902
782824
549518
876707
623267
741668
891072
898769
163527
498037
243535
991224
570922
684677
664657
799082
778972
186272
599201
552975
411403
723407
646499
396855
934346
152660
681071
313132
280471
178243
12772
632351
202471
641101
741468
779824
857870
424468
11958
716280
636637
869652
718208
293146
969333
65625
91070
160167
512203
183379
485532
899939
154196
428084
323722
35192
584294
498156
395486
971028
417488
59559
171317
570777
120006
303193
322212
775149
684629
366706
309354
405130
762750
849008
89120
985923
816105
672780
849142
16620
275572
485500
361827
832987
638757
647194
937123
439473
417185
393922
717324
254733
972502
81917
151230
370470
845173
308185
227532
168426
91661
268022
589947
587980
695687
283568
358449
587280
999832
771267
869100
915778
960186
299451
745529
475278
673336
332945
86781
650811
281564
365195
832289
464258
201981
511378
483152
608219
145102
189416
291397
206889
121042
496912
916690
387413
248542
175132
915715
551855
538061
814641
127355
835959
200300
809460
303920
820539
337342
71647
402278
718319
437482
796301
469075
837055
354902
509463
574817
403247
235889
654768
587547
769778
940889
83234
418810
703356
630979
458446
469552
295386
547900
854550
427829
690467
607389
481103
900296
520370
382227
791550
973124
352134
336135
511427
795420
631409
782795
520484
533813
943860
490702
535877
562825
340719
15210
383109
400232
872056
524293
643377
966168
958689
596791
490474
252779
670941
115328
88226
752709
667295
581122
671050
171601
188472
181964
769652
642295
149470
542712
126639
242214
658016
611480
369223
562245
338386
611691
207018
824161
936877
529020
501407
83380
277246
4741
872654
353814
60937
574005
264958
374599
59458
226805
344010
488908
660854
194674
972392
659111
636005
938785
624186
170465
574440
531305
20344
754359
285800
770692
430193
553652
174463
901390
436651
877215
437374
889360
383553
682573
728307
648100
993952
612368
939878
251791
923108
849607
762709
123352
281403
378808
284200
68616
134273
850603
941052
13159
168385
654574
641224
547503
276005
648700
351982
687994
603926
443185
926486
403389
842483
712958
37301
44718
490202
303249
230038
259670
944621
658678
454523
359353
27596
143240
905312
657218
13420
769770
711694
110458
252034
740927
843251
937468
859586
329541
970487
457297
273663
886424
863450
226313
775775
705019
103340
542743
999349
217998
231634
967444
698256
701062
36835
629164
611156
568917
148929
964891
458624
894650
638966
30519
689356
669222
524868
306568
421516
628807
74791
862521
183127
398895
282153
362150
599480
673319
234606
719505
493514
394252
38066
282788
741356
23604
991849
855769
728949
373170
413257
123315
634585
34920
363877
869782
153712
663580
177807
5058
303568
259703
112736
627113
553508
421424
94824
476458
114857
527167
609808
264627
397870
699728
303045
618755
4947
137854
949880
386707
189835
112366
271734
629349
482069
91842
964112
325525
692732
677522
152827
511872
277413
118369
941192
752257
430166
54450
110509
552708
235031
825382
47729
672745
461783
221463
135499
502745
105478
313357
245691
333254
149880
421461
691644
907069
680090
346918
512893
104105
816378
864509
10566
932801
519599
402328
318724
743813
715022
556618
455339
317047
570267
640341
669286
221381
988406
58183
98055
638272
509287
500101
100377
808937
853625
882938
875073
214016
35813
944641
704601
388831
860608
698311
712310
654747
763903
895067
296680
916651
550908
161658
385582
959256
248314
399426
696287
245154
522697
664304
583537
727913
274785
160700
281828
570994
508580
97670
439894
876969
104710
153226
708353
683300
369498
652954
447290
188348
674777
926995
424466
622279
749154
273916
723984
474588
38487
863159
928382
38789
954706
156202
983454
875159
890515
196524
521143
33528
748693
141505
482686
601273
152403
881076
173441
889047
397629
24178
261676
723962
597924
781589
318138
552393
48723
295536
629557
568022
59968
340143
545512
249889
176482
881418
741121
845893
503743
593994
731837
817733
254431
838762
423858
307263
592116
615691
58403
700181
43143
293131
586672
206994
262078
36054
305233
856756
989211
479821
116233
591866
894407
373934
706295
886324
894277
870067
142929
911193
980822
727996
612776
61423
747379
803364
706558
162641
264287
696868
533506
517104
83266
636009
964190
32361
893402
855577
500845
744903
58844
550653
807628
684651
529467
851236
266270
380891
532219
359925
401293
443352
181710
869704
824251
722257
694958
156159
439764
773751
997726
43725
500844
821785
733702
140835
670447
696002
590932
160954
691880
679744
875463
35996
952312
795592
759175
657281
654728
315169
185290
963466
190492
380991
897024
759082
610408
398921
95664
385323
662466
189773
46017
508243
831111
838732
719568
151982
738707
866438
777105
991673
872871
254096
126384
474915
28861
737875
122299
414660
957698
315493
529982
422115
661011
916460
990899
41172
399333
409578
743115
461156
899457
730148
79787
986358
247518
892532
976370
81626
380089
51225
373571
293125
119735
960143
686769
175518
378602
965489
470133
807262
695664
602454
265569
661177
862430
296474
20972
390860
834778
286574
989937
829067
856106
71429
55646
934546
592146
686796
923546
400604
961813
903347
59377
963543
926846
833680
417926
101
805552
526805
405719
120319
685706
772019
839710
844540
343205
750612
162477
111570
941739
172063
32996
642231
446377
112030
643830
464211
404388
859794
853090
556787
706165
239026
2158
687109
532351
690044
598325
467047
579311
750880
460433
341338
375784
651551
787300
881167
552580
325245
125640
445478
977277
220478
175238
938139
736068
376764
553010
870848
340084
428862
920960
970238
623067
122582
315070
187976
383947
894358
522764
50474
897294
828500
430628
825764
138159
995310
116476
282324
878016
911290
67675
987577
736364
280698
52811
282672
431546
978824
133394
524577
975759
875826
773759
140803
911202
299638
220823
228115
368832
997070
288956
995969
452606
776692
236139
532640
257323
854689
71597
621556
474346
270020
972915
934302
712078
85421
518066
504879
917955
47093
618953
437048
951200
200679
944341
276073
642663
326891
604074
110935
170277
579014
656737
201794
326201
260785
724012
346403
871825
8238
574921
46314
177155
569646
923644
425465
342817
267012
990254
739261
622441
489694
999723
818347
984183
250536
645829
107150
145951
349847
595643
473277
502651
800029
605367
133696
442884
710773
374512
704447
481253
332618
115693
940552
225617
564137
678434
518113
389564
932214
866246
913653
338783
229414
415088
803494
1627
849454
94633
600974
340179
281195
143395
332069
825561
994723
881441
788343
682003
104364
553846
409455
724450
552969
622654
261293
590545
175582
705280
879100
435102
114523
788453
842992
797443
819672
825826
652802
508485
920890
21588
422874
550932
986000
727069
336035
739282
92685
362395
416597
374934
657992
515957
7442
49153
61241
407402
617648
874926
970773
865438
442870
264666
467605
286495
456699
778631
996883
250793
722425
468557
413138
269401
597139
800755
519650
841548
347753
985770
456850
504872
256889
719075
920048
698882
179530
151512
391165
54475
560462
790799
187157
617561
826961
811473
988433
641977
83837
457328
561525
440973
893416
258941
695107
390014
964895
887986
622436
240494
103383
977348
648809
363958
716060
324294
516123
320646
536226
302762
539553
370889
25653
215592
593385
139718
794155
209007
84465
818229
987136
249113
276218
644413
37114
578993
129571
225304
740236
491419
809784
471710
585849
400267
122188
299658
107035
158494
838046
591460
513470
211082
491961
846394
542409
798884
721127
406077
695663
582491
77127
725007
387806
395774
9182
939230
695756
355472
517913
12329
9606
810153
132208
879568
523839
784419
968852
470305
100441
325475
683408
416051
724829
488150
303336
355433
193976
242004
49069
100450
371677
748634
429201
784845
624808
4701
206486
450854
306785
849364
132298
573628
116270
45194
640
528484
419561
376465
202312
236518
650986
750988
40573
162763
746899
769098
74878
659955
394255
941787
214370
574012
365599
815501
390665
894188
458055
403831
503727
554486
744697
49718
124011
894244
756387
577578
625823
481036
624030
849565
787405
409408
352935
276870
67338
943153
368418
693808
719552
55481
334969
986126
375721
904673
205019
284364
354409
605518
76651
31030
393898
795420
882580
405955
927252
771459
210125
187216
985926
272442
708756
716902
524216
468064
771472
433005
517103
50474
100022
424304
307578
143471
616400
612443
416280
496402
880563
675754
965688
117762
641356
375398
468989
155772
604280
121295
822031
708330
135460
899105
604662
782107
761078
22126
216147
201067
800864
16492
477646
259384
870816
412634
653609
851058
440548
853178
551287
367063
863245
196157
805544
607136
260572
153406
505715
976341
729824
309092
27006
366613
387879
95776
631328
272806
777829
650521
139468
239546
639875
206646
386184
441779
404146
990598
99517
240732
131906
596743
59635
337012
646538
346774
318345
631728
682897
336227
544013
186823
211045
706001
102383
804957
798804
486035
996780
468645
311652
304856
759987
882410
366349
182808
184343
283748
978807
944451
321285
28245
602835
93373
936853
748542
910431
571864
104979
99352
469717
697499
370825
46949
131663
876753
13484
630859
710056
455182
397506
355850
929119
290803
202171
137395
777597
299069
758952
886505
587978
534418
823297
591043
99670
400669
54942
72126
647433
441
985320
201739
852507
910230
533641
863481
810227
791407
862226
163987
283786
906672
41703
220137
517613
391790
244009
762263
726325
337924
18466
601227
945622
727626
931809
280862
447422
464739
518375
580321
503085
86278
962865
21408
167424
17156
191920
430769
490115
63074
90742
969488
649078
360154
835273
823026
726516
643911
445332
223048
81358
656092
34052
813119
46253
690948
866514
675026
446300
98209
169829
929913
228509
999571
417061
417394
161971
683875
497185
122194
582940
904589
481703
194241
573561
126825
778307
382028
72088
526694
227219
67761
402577
513893
763847
35593
561119
297127
407722
881504
290776
827419
312117
881797
186282
878372
485426
293586
107525
315706
709954
954671
118751
417460
89998
615435
216808
79052
27855
168661
498014
424648
242466
611736
700248
41034
167332
738822
695657
837252
945470
240265
303434
525120
483829
159383
200525
549359
171819
667551
892121
728304
396418
16540
16960
438336
105636
552198
714863
256233
935995
513032
886895
48911
17320
770055
55593
635739
398738
431145
463587
944408
100493
239693
835812
890772
193007
817791
450687
163289
246767
104874
503922
36342
889318
224401
391025
735147
288450
668931
975107
704922
732443
662856
297826
802242
178362
119612
391270
545109
761838
522742
273983
795499
21211
859231
704729
578172
193667
947978
794765
742886
899862
139968
910708
305533
705917
960469
166216
25567
171090
401462
956615
152576
585681
314192
70265
47290
774968
973206
579524
379886
952768
142099
944424
761282
349591
835436
780622
292011
208197
292958
177488
302109
454709
709887
297421
941956
509286
617529
246981
337621
786124
861408
601934
426400
333639
184642
130876
104366
817714
10792
640716
400216
15941
936186
852389
346474
56850
830140
81593
960654
83521
403412
757955
1262
391980
947047
799247
551188
532143
554652
433547
291025
946970
979073
14734
671960
119151
838848
411233
630263
178199
970830
658895
902361
461852
825742
119270
169762
630112
795205
966262
21906
708474
407899
448372
620047
257103
138769
982124
72259
96883
304171
213216
690566
300731
15590
824946
517898
588180
43445
128128
923125
631986
997025
296242
52624
607541
684903
51327
424165
224485
389595
162910
107363
293148
157658
203973
428222
55005
969121
423145
720535
639776
378747
284847
128539
290975
112657
66412
458128
100540
487353
980173
35380
87092
267292
188272
464494
373616
391979
377612
61554
136640
181887
492281
271369
216499
281448
317822
328777
404207
321694
319063
436575
454645
241434
305634
662797
407167
646345
541525
293809
314966
979857
896938
578638
442688
866509
467653
749911
477350
759340
836250
570484
674663
432435
572725
246803
119998
512390
909297
138076
314858
303546
903121
124167
639504
407680
149982
640275
104653
353354
255504
602261
195508
13942
365603
79026
4249
366024
925003
496235
236074
885108
433610
772704
698101
506764
264863
773864
553438
603211
272463
166295
686603
835547
541848
977996
180509
420057
537396
432948
257369
36885
553855
539746
78293
927950
59530
862623
306909
979423
191547
505795
197987
272141
49038
87137
625239
14546
212580
726095
299744
306421
878793
367791
836510
767223
797060
351391
622348
552267
113837
931107
328540
96578
561311
803372
994781
958210
1038
914555
530346
110514
665744
411270
586753
72673
270706
100445
964026
660872
857096
195048
318243
675597
220765
42761
207053
833416
141410
705022
404333
161756
216608
280570
575049
582834
576680
433702
19406
101200
210266
890956
185822
536881
449767
912962
362239
545717
982627
48697
315048
660275
286909
975043
209069
173261
587167
205330
549415
624887
554639
935128
103278
811544
425778
93454
995573
600968
722027
389895
414580
643906
423231
890836
926888
49729
192154
864247
593358
322687
144731
401694
345012
252436
611092
3015
514904
890702
58149
848503
839302
784902
295000
413736
30760
477900
255735
678029
825016
912016
261338
80572
786896
301812
775585
964992
344059
1276
671551
149894
952227
435124
522274
744425
424134
630823
606835
442770
214313
432176
253694
350010
932479
425168
514566
726595
594654
649735
795325
961995
414582
518190
428910
332343
790539
265706
842376
948577
462804
731622
423777
795795
272181
531447
230418
241459
419248
814301
192574
960771
917673
725842
857770
121678
312312
61896
520593
964600
152552
474671
913977
819096
898717
256999
132551
109194
646131
869808
721626
64552
952787
636615
383535
696503
428102
944996
31523
723702
465822
5384
973618
15786
262830
292261
16405
924645
340384
805827
222072
810718
951826
316279
791237
708944
825677
406969
778393
717421
706754
949244
710207
197987
917587
209971
883240
249455
653128
613886
677613
307848
459222
233242
823064
172081
452509
431440
514932
447628
780906
775373
466829
48106
977680
708100
252314
951049
515448
497819
884205
874254
242191
751216
918297
452155
11894
889061
167369
903046
141863
198112
79857
817434
514234
177280
99613
594063
73325
732181
101487
531914
874172
336370
354844
943869
980251
429058
625015
336087
335931
307702
947305
878350
766586
816561
602259
316802
936810
175098
585525
718501
947800
38529
460863
295963
591837
748890
948110
473404
665405
657663
314580
829836
39381
769200
564790
499882
17818
919554
589565
493849
157845
939920
652242
927737
900667
795351
469496
612678
634617
540844
819224
985255
682846
100685
459203
392233
613753
206728
499291
685467
261240
70170
83077
848702
562878
387636
602797
619024
187026
44906
89506
755855
938203
582691
678832
739017
890309
543695
227755
229444
163310
370722
241468
718625
95993
545097
313929
452174
737831
832295
497167
411671
736871
469530
848044
261375
635107
856327
491508
478471
187423
895260
746623
890294
370148
815060
456743
920105
74428
299651
792024
515174
851190
834223
110192
150555
707322
798258
53965
9723
150416
167273
785739
50239
71511
615950
464873
156219
479988
995078
304738
700532
352242
679858
193146
894459
276179
444556
455260
903611
83100
564987
215340
130573
966896
613452
985637
61396
650650
569407
709674
674972
322587
936162
53682
54879
537122
653047
903945
57605
526548
433399
644286
135265
318593
260199
690852
775509
291805
24682
969398
709381
720476
615006
166187
329924
133210
634797
255410
362448
858643
200044
702631
211195
911579
758713
170162
52599
860166
368080
342309
556866
3900
49428
668229
447440
241806
347210
294245
40732
619193
760319
822093
866531
57542
797354
840009
265871
124726
430043
983240
273258
759681
743533
622185
6877
19205
840646
226587
598862
346496
911774
521007
145391
325961
617251
161824
9621
338
22455
892345
180110
434022
27822
910157
729534
977109
330594
895065
397925
610264
363830
195425
387657
393781
923708
384657
51667
847884
813875
764365
661855
260719
381986
792173
743797
460562
127362
519510
694472
88047
468709
322886
850073
563574
111059
406351
486051
474199
883426
98729
564762
251925
641209
267266
714005
341268
254406
584567
807812
333328
766267
345605
938635
906587
879522
36452
19362
953770
907210
783801
598867
325080
287452
552704
286106
538797
427337
228631
400502
303522
20273
889429
705168
733644
355376
147778
324950
872207
157993
826840
499500
689307
681608
822811
496256
483010
867727
429108
213471
868158
742992
152493
131620
159987
24220
204598
768691
889818
826090
382470
108483
294556
333418
121105
379959
717759
255085
344878
453986
609477
242029
855885
990844
821474
568467
413710
696333
316768
551934
916369
762791
340787
950829
458718
823510
913985
136486
568531
643056
813293
727105
922329
219940
648142
461745
976988
853338
969304
302434
983279
957830
313305
578170
480126
960598
595369
226928
127309
339721
242521
324533
752375
408124
687614
486080
353685
34423
860749
392549
971189
451533
473959
481701
265980
795789
91987
160609
189881
549329
696016
889840
891560
669817
102890
115326
69475
765455
866092
177550
933053
643759
991044
770274
191719
208232
613592
953437
111425
573314
566460
456004
178572
999802
698771
442348
226354
318468
114816
236138
605760
350802
283144
975775
776242
10799
490641
443977
99796
559395
37526
493501
169603
442639
851874
595948
145941
418661
391525
392528
203458
635577
644028
244667
72759
397563
467905
519426
215893
499539
866905
422347
611212
921489
272987
545954
687094
425146
304203
389990
361043
861155
844576
178573
334132
232577
899224
62110
743657
352013
848673
957484
507657
982339
524388
741016
366712
842751
383219
531735
927903
49758
494208
80738
921533
236044
447678
473790
708127
503894
578954
807814
498455
257047
820022
573794
577586
49528
235467
267999
293450
445965
801051
576238
765428
272670
875268
558505
285704
75352
316715
49136
174771
53874
631121
215650
575515
674920
443747
1788
849026
906447
442686
733025
273596
107233
698830
932327
170349
595497
259069
650800
89493
381940
13589
97065
905593
506049
783150
447995
370131
838457
115510
97562
35785
364418
88797
430796
862115
10458
474534
288399
893953
939337
803732
112539
649932
891276
733558
744367
20281
160822
639774
520235
130336
918055
588244
992332
203876
414357
336027
519176
514797
231753
591068
34778
942996
263416
174888
178240
461438
496288
708831
677251
665661
118151
49628
115053
192399
175205
741294
182359
248497
633752
259972
674009
81548
597677
787522
156757
717989
721099
122445
98414
473621
780161
447495
135044
652429
338215
57323
246976
513755
825525
949296
907562
496413
342980
13612
216433
974613
117842
786171
577225
360969
675914
632569
62520
174340
387550
206302
794100
670561
674626
739867
922048
43887
462083
432709
605590
983901
843692
320890
193459
606194
805131
384728
82699
453667
117790
598483
174657
245684
143496
686683
725447
587561
94410
196121
414229
476719
27937
592019
78023
725895
260418
694811
951695
687873
383059
117397
798186
180919
447230
755593
664441
783882
930815
58717
584938
460108
847874
863929
331094
848061
469567
669172
965094
781420
104355
616059
688527
160866
657176
149789
683894
823566
960721
236374
397793
147926
28376
967986
621646
841838
417305
444923
733658
239240
859922
408075
215600
448729
835495
926775
768885
894029
633898
713278
817300
669007
89895
143945
696768
488545
346160
732676
5905
78269
691927
515162
245341
824140
20669
267787
237024
71261
196683
453597
746106
928166
422771
404216
497135
81328
853606
194557
780190
207414
715125
141871
32928
438303
566182
112934
202046
224011
523092
283292
520649
644228
519153
163818
542047
116453
339097
819814
837149
483510
881351
566344
624061
604422
759085
671007
341497
425137
738438
457624
399592
715112
750543
988452
482439
800666
233195
757916
230339
708417
43042
255643
774894
211527
606961
130526
764897
689772
793566
10842
446048
464449
30441
156509
215440
803311
493371
868484
102878
280310
163804
937176
25151
124606
91797
212805
943230
508222
690068
309171
860180
656063
446280
594871
777401
973658
430183
160753
294797
586011
59987
744610
891662
176996
366200
799111
906631
845469
944627
137644
411880
92246
769766
416757
639873
950217
416048
675065
988902
196019
337313
275275
467413
866255
874897
196794
384759
700660
808721
539009
116700
304329
907396
490970
512489
545820
796393
529628
607724
298989
647372
651416
87366
566008
499619
853297
469256
27736
325246
839880
196526
219898
747046
599207
49372
14862
459624
248130
675062
699876
558739
864913
808572
622190
244365
7392
35763
247583
283587
674425
984903
507375
680165
645538
421639
218987
908213
929876
780810
438585
254796
163700
152248
41615
439794
580558
468630
940314
192863
593840
665866
981585
243220
609036
117486
874716
739189
778174
583901
389509
943984
158471
526412
133626
987177
364674
41620
68109
439195
270392
427690
392542
265353
291020
570903
536423
456781
105132
579888
559086
700149
756378
84741
461700
405271
820378
495043
997363
223703
641169
253711
390040
801940
565380
325915
411086
623438
578401
562276
754508
126607
378031
609658
977457
822395
882478
19798
454315
193306
968880
9458
5777
22390
823498
221829
630553
287477
498762
872745
427952
540039
258800
819476
947117
257875
878962
968910
152003
677813
981841
934165
26686
674537
189806
454891
360671
306121
885769
959821
820689
429065
623468
753291
129692
576601
134547
902910
624273
310865
15209
285346
91277
489651
411852
42869
470922
25427
487039
298165
602844
732068
673761
951178
112612
883502
611549
184777
641105
27573
790287
738132
455236
604977
730861
484878
379224
140055
632514
835269
196451
296516
751927
473002
98154
53135
726219
385271
936529
21354
625272
819100
772393
29923
180782
517946
325724
998170
273504
275466
753979
391304
26327
165025
496704
614360
205308
768551
759784
283168
336817
939781
137442
688427
290062
161568
20773
318240
316199
559636
146763
934577
642252
664730
872397
887155
72426
734845
153444
457939
67285
681143
511843
421723
503549
185339
549472
922547
713590
875059
738475
191136
934793
846042
982140
70625
815122
777699
788335
344005
836639
332196
236522
461486
282566
546774
912969
989179
105184
746267
368342
100432
397228
764858
862415
966114
580750
760498
354288
327882
499412
435519
924116
359998
131152
390678
7189
106773
23051
308125
292251
311991
276554
838780
805328
170997
151647
538858
364306
280401
194938
860370
630621
564110
68419
704683
409513
738841
213233
524778
596852
955336
91774
829166
8034
469120
103382
5059
485295
779084
945305
411583
337594
882313
268202
995960
470721
482915
951006
546735
4070
628737
326404
43893
127191
554720
70874
546744
24450
829609
569544
896423
176681
143755
613545
59046
662328
382132
7816
39907
923269
659551
312415
927992
805717
947009
248463
2808
790583
59284
154174
28218
216590
155504
850309
631215
540111
97467
364390
71107
873761
153044
68234
381904
862034
600877
332135
73455
81450
152969
391902
223963
323169
71065
866174
592103
810902
194492
718614
150434
336630
618286
307792
506624
876613
480677
100548
337653
362613
587056
699532
538668
244077
370059
821210
452097
741547
930291
547737
371400
174970
596261
872445
544573
324546
264465
205950
80314
499331
256292
196803
156169
883251
211821
596846
657709
226914
772727
544469
207930
775712
884328
37031
453382
681490
601749
30089
542622
343194
423149
53541
333970
779351
755133
817600
275387
476000
110145
411887
333744
399096
850597
366860
999850
350237
60488
170013
557051
36654
917355
119110
740563
651823
576316
562432
103665
751276
942885
590343
843605
728921
166631
181656
236694
53932
92467
499587
308506
699362
409623
696634
534211
968178
870193
645214
560445
232380
773166
692740
435071
928195
203280
545836
518978
895990
405690
352714
998799
345327
957981
17632
142659
74154
220079
397797
678604
705497
827112
775915
160871
618524
426834
231596
95148
705249
700850
802854
155465
327307
941788
857139
626510
298109
330450
405282
825460
405451
893845
53777
459475
637496
317144
577162
370115
320647
170101
156569
595381
772039
207910
296208
397606
286286
108012
831023
233184
889514
993317
630741
60093
422266
418054
536833
265843
103793
347448
921844
244926
9643
638376
172089
11889
621022
454216
943893
505422
795982
255778
812231
759016
438571
894242
233886
330099
297232
160303
267621
436712
140227
701963
281065
15790
87419
432668
295927
383644
937493
570139
628233
644380
956693
84748
312400
64176
389277
531326
260794
675515
648965
947983
845640
18480
575210
976001
300390
937638
562650
198924
91533
742642
15025
917796
699438
99570
222104
152593
384525
546782
418008
242684
102751
325174
722717
700435
91477
186700
518500
211518
699976
398390
564198
741617
180896
34363
47403
58499
85917
735127
512508
962895
340792
851285
381970
90012
891393
561437
535266
878919
186623
264368
595482
318212
541850
830876
164487
526611
101249
495812
529598
235333
944093
605981
966313
920359
413932
401877
221697
258265
202666
668637
443483
581651
522487
708536
864428
579032
742499
594083
863340
350450
877109
964851
916222
195080
39180
600330
415864
866758
959319
338414
402594
731712
681418
991380
421100
423007
280862
910084
17627
422261
419951
650393
565987
246626
635895
14622
898849
142118
615236
304830
296389
688654
171398
779129
73773
112149
312783
75668
425715
579090
308056
783454
221008
82157
992288
778214
792384
816057
736843
636206
943465
980475
406161
769985
226344
750125
241070
411054
791330
949424
104950
637835
962262
968570
878200
756403
991995
776597
358246
805474
351856
209967
616102
111317
593793
21520
198458
344735
528371
181060
607989
526039
370064
333914
561415
300677
493784
637858
715250
966015
84958
573479
598236
846346
234675
634559
407102
450855
922758
581331
62438
638403
915003
250689
466200
498235
983852
903288
840734
20115
844694
835379
831654
623088
799951
784602
890156
208908
501066
910354
325102
360975
514858
346654
636096
239282
700122
370020
788211
409056
694523
734133
818980
962938
923847
679627
88372
475975
79928
334932
74276
357273
715528
155547
478374
856325
800189
600750
763856
873259
834124
778698
544186
517165
587883
382794
97060
676239
6314
339173
145767
794584
941720
74937
933878
240297
565083
419117
975466
493105
636340
337420
916808
642776
706433
162538
738735
37542
482227
212582
127905
183542
737089
770820
147753
669433
291597
755302
648775
681547
486968
874117
660739
164006
784714
709146
814476
318688
754214
762699
74226
955626
620400
146848
47577
527508
351888
288008
26024
820603
474730
982755
171694
431786
377817
601583
458277
532728
597138
17524
356740
943922
207251
872821
990556
113891
646980
321784
656672
213656
261595
25440
968454
647181
22163
632970
738294
75011
532435
442345
940202
870726
314153
255139
760671
361248
792861
661668
22485
394329
405371
943471
155060
780809
546489
23932
395025
29528
831099
262147
393780
295519
463666
441000
416104
185828
582761
927186
654575
52137
701051
405048
872156
75305
664624
832273
372238
665649
804165
640630
709702
746950
589180
64353
952600
955510
264519
265850
208632
307678
283526
339144
593769
918123
2206
606202
283738
934304
15800
973735
536515
843811
845408
547212
237560
881545
399627
751137
536697
908506
614252
691595
476673
654850
261933
454891
330858
623875
381601
142284
880321
645937
152094
640751
481213
310935
975121
587660
867128
632435
910820
656840
679629
714346
752457
553532
602464
876907
347501
86016
116531
125603
653434
627469
146368
375340
497177
751096
816813
326004
382223
489000
567538
393225
795778
582884
268089
355868
124320
204806
749417
86059
307038
288211
311048
492328
201389
14993
510188
592283
786186
958164
408130
442618
872513
514308
720469
234827
461521
465664
947355
170598
681945
598294
902440
353577
59860
663843
385968
225030
676101
541332
490297
581996
475749
215633
996319
365860
597875
956414
95651
31192
461665
392759
620273
14957
83820
920266
850200
125683
94509
791834
968110
110158
479365
477979
521399
791791
565996
365307
449553
741937
469465
562362
449504
578452
338881
980489
164742
349983
529853
150384
87282
100231
68226
611341
117276
117530
321331
431123
852144
513690
60335
938516
856013
34366
810790
704916
651144
913199
578918
312437
31507
915164
514208
916130
204506
471389
992862
791747
536561
752888
47272
828157
512006
595396
12542
478333
250421
946869
433353
792347
563934
790956
433177
274028
180520
103745
928555
550891
933933
375984
285413
19770
595861
288827
54386
619218
11114
840807
690543
787764
258811
350871
866911
21307
883938
96924
109569
278115
527624
111632
145302
700186
486310
537177
760188
121871
992714
834670
786838
495570
638319
204303
286264
125368
440759
534145
598124
231871
820536
146752
136478
792291
299666
835820
999268
322678
973588
212342
66362
636398
827853
539824
592140
750095
85799
487962
102933
458379
680426
907867
803122
278553
238831
290018
152117
274786
337096
74222
37371
782800
513323
767437
396800
132399
403757
379719
693969
443249
48742
989731
443164
724504
338152
841769
333355
605137
844640
450757
502987
644584
82854
151406
853131
503770
421843
352955
691578
884506
247937
520931
379405
782434
849653
45190
590344
994798
928556
903573
365895
693057
912486
773777
235664
54778
353809
745209
663375
285644
152353
512782
755909
320201
34748
898054
616836
492183
898813
622240
852570
477294
347331
834395
557185
176711
752147
479767
799951
83380
277489
21519
251898
534085
279168
4836
611826
447787
203653
181673
614937
411364
425508
384074
495176
941355
421992
76842
312790
916180
380987
829390
528888
486332
509334
419410
428187
528853
266281
149509
660329
585399
626501
769340
922793
754522
956217
798538
232633
905618
706992
34974
171771
839378
198118
595416
84256
22732
376383
710765
786952
74476
99966
408413
150617
952259
248543
480098
300073
513612
915076
174724
193527
325888
864490
654005
234542
153249
308538
818082
873381
219801
300398
115725
883855
479844
414810
558625
612643
706629
898582
743018
949782
117101
889280
889229
73896
114931
77515
539472
196534
348396
498341
794337
697042
980151
818616
797722
475258
972473
973135
24359
698258
890880
766538
562536
712177
230620
907106
950923
919739
919531
639347
990975
48577
707755
525255
46738
470870
568292
313271
968172
349242
982348
200067
648781
225520
801234
438805
552223
354428
870346
540976
13798
15341
171427
264223
952865
641772
753833
403966
551683
902996
251831
763274
333451
684331
262831
939223
490326
398818
708711
483698
275901
116479
67860
652610
857268
491360
838949
34435
524528
315523
981659
158970
516040
802829
45673
77199
255559
852911
438050
223018
25110
433283
651828
300974
443827
127216
44422
357502
36104
766744
748344
63660
610599
651107
578875
911557
60827
535024
215415
635751
781593
978543
421719
550939
537267
828007
753492
406393
834098
892948
115495
539638
705247
661956
820972
974690
177700
902413
761943
231798
611456
690607
253706
951145
570716
614296
789892
697056
260377
99349
951150
461015
939324
58322
772268
395478
947545
327743
554986
185599
432823
