14041
20379
59667
65189
77424
100453
109796
110874
119202
128631
156579
157590
158074
173630
176647
188506
189682
199689
219755
225638
239864
246630
257299
268393
274419
304336
329605
331879
346400
346438
357153
359224
360920
361411
366960
422954
427808
437535
446263
450013
459194
460804
469057
479118
479298
481273
485604
485936
516512
518736
527473
532681
534430
543360
549331
566298
566588
569402
582549
586225
592401
600530
610321
622188
628364
643215
662336
667057
681109
686741
699071
704723
705082
731278
767839
779755
785093
788142
804265
806841
829489
830109
831505
836172
868906
880515
880710
885289
891777
892513
901785
903886
924875
928916
937806
939430
940353
979506
980503
994456
