686741
485604
176647
173630
59667
704723
360920
357153
610321
346400
592401
346438
622188
662336
699071
543360
681109
77424
527473
366960
268393
481273
939430
189682
128631
804265
219755
566588
437535
785093
109796
788142
667057
274419
924875
831505
469057
14041
422954
479298
450013
246630
937806
628364
239864
903886
868906
534430
829489
705082
460804
830109
304336
566298
928916
582549
880710
532681
329605
600530
257299
516512
767839
427808
569402
891777
157590
980503
994456
158074
110874
806841
731278
188506
156579
485936
880515
225638
359224
979506
65189
479118
779755
20379
586225
119202
331879
459194
361411
549331
518736
892513
100453
901785
836172
940353
199689
446263
643215
885289
